           1           1   12925420.0000000     
           1           2   1297469.62000000     
           1           3   303616.906000000     
           1           4   179708.000000000     
           1           5   197082.438000000     
           1           6   79382.7031000000     
           1           7   39983.9336000000     
           1           8   70957.1875000000     
           1           9   26141.7168000000     
           1          10   43095.7930000000     
           1          11   33209.0078000000     
           1          12   22247.1289000000     
           1          13   19023.2793000000     
           1          14   25102.6914000000     
           1          15   915319.500000000     
           1          16   1024192.25000000     
           1          17  -381507.875000000     
           1          18   43111.6680000000     
           1          19   138874.953000000     
           1          20   172580.953000000     
           1          21   119190.953000000     
           1          22   42154.3828000000     
           1          23   113777.406000000     
           1          24   38150.0156000000     
           1          25   9425.62891000000     
           1          26   34463.1641000000     
           1          27  -29024.0840000000     
           1          28  -11988.7119000000     
           1          29   7497008.50000000     
           1          30  -431349.094000000     
           1          31   213045.672000000     
           1          32   279997.469000000     
           1          33   282326.188000000     
           1          34   166579.094000000     
           1          35   44917.9648000000     
           1          36   1420.87427000000     
           1          37   39447.6133000000     
           1          38   57855.4180000000     
           1          39   14802.3135000000     
           1          40  -23161.2383000000     
           1          41   19770.4844000000     
           1          42   50545.3125000000     
           2           1   1297469.62000000     
           2           2   2629543.50000000     
           2           3   303606.656000000     
           2           4   59084.9453000000     
           2           5   62808.7148000000     
           2           6   38292.2891000000     
           2           7   21042.1816000000     
           2           8   3647.27271000000     
           2           9   23081.9824000000     
           2          10   8098.77588000000     
           2          11   1871.70325000000     
           2          12   9173.69727000000     
           2          13   4802.56836000000     
           2          14   5631.72949000000     
           2          15  -423459.094000000     
           2          16   2739648.25000000     
           2          17  -50204.7461000000     
           2          18  -16623.5254000000     
           2          19   38995.8750000000     
           2          20   53720.9258000000     
           2          21   25405.0879000000     
           2          22   54902.8438000000     
           2          23  -27020.0000000000     
           2          24   22957.1641000000     
           2          25   7249.84570000000     
           2          26   30058.7051000000     
           2          27   13927.7324000000     
           2          28   8389.11914000000     
           2          29   1656381.50000000     
           2          30   1007527.75000000     
           2          31  -65972.5078000000     
           2          32  -36882.0547000000     
           2          33  -76432.7891000000     
           2          34   35263.6914000000     
           2          35   101121.922000000     
           2          36   47100.3008000000     
           2          37  -552.327759000000     
           2          38   27859.4121000000     
           2          39   8235.23535000000     
           2          40  -6971.36133000000     
           2          41  -17462.0039000000     
           2          42   25305.3887000000     
           3           1   303616.906000000     
           3           2   303606.656000000     
           3           3   932604.562000000     
           3           4   153950.953000000     
           3           5   5439.21777000000     
           3           6   11345.2686000000     
           3           7   659.791138000000     
           3           8   9746.81152000000     
           3           9   802.269836000000     
           3          10  -5029.42480000000     
           3          11   2457.29712000000     
           3          12   6820.77783000000     
           3          13   9771.89551000000     
           3          14   4710.27979000000     
           3          15  -4876.31689000000     
           3          16   533859.562000000     
           3          17   757472.812000000     
           3          18   128739.562000000     
           3          19  -47293.1445000000     
           3          20  -3169.41211000000     
           3          21   16629.2852000000     
           3          22   37970.6875000000     
           3          23  -7435.70215000000     
           3          24  -4367.98389000000     
           3          25  -7437.90283000000     
           3          26  -2162.57129000000     
           3          27  -7850.61377000000     
           3          28  -8631.04688000000     
           3          29   442678.875000000     
           3          30   91719.3750000000     
           3          31   306135.594000000     
           3          32  -56083.7812000000     
           3          33  -94798.7109000000     
           3          34   34930.9805000000     
           3          35  -16980.2031000000     
           3          36   7760.20264000000     
           3          37   36664.2656000000     
           3          38  -2271.28418000000     
           3          39   8478.51465000000     
           3          40   25396.1680000000     
           3          41   2611.24658000000     
           3          42  -10836.0117000000     
           4           1   179708.000000000     
           4           2   59084.9453000000     
           4           3   153950.953000000     
           4           4   309706.281000000     
           4           5   43474.6289000000     
           4           6   21400.0508000000     
           4           7   1021.08289000000     
           4           8   7690.47607000000     
           4           9   4047.73096000000     
           4          10   3183.88037000000     
           4          11   4676.36719000000     
           4          12   4656.50488000000     
           4          13   5990.08252000000     
           4          14   4967.24756000000     
           4          15   111062.328000000     
           4          16   37552.3398000000     
           4          17   131715.703000000     
           4          18   240512.500000000     
           4          19   3164.50610000000     
           4          20   15394.8398000000     
           4          21  -28610.8652000000     
           4          22   13531.1914000000     
           4          23  -4814.89990000000     
           4          24   3508.55322000000     
           4          25   814.232056000000     
           4          26   3932.31274000000     
           4          27  -1319.34546000000     
           4          28  -956.256958000000     
           4          29  -143318.359000000     
           4          30   225645.422000000     
           4          31   70250.8516000000     
           4          32   102017.781000000     
           4          33  -7189.10205000000     
           4          34  -6716.06689000000     
           4          35  -11952.4600000000     
           4          36  -12176.3252000000     
           4          37  -13691.5469000000     
           4          38  -1193.76221000000     
           4          39   1740.63281000000     
           4          40   14485.3936000000     
           4          41   2079.86548000000     
           4          42  -5476.55859000000     
           5           1   197082.438000000     
           5           2   62808.7148000000     
           5           3   5439.21777000000     
           5           4   43474.6289000000     
           5           5   168598.719000000     
           5           6   27339.5078000000     
           5           7   7082.21533000000     
           5           8   2803.74536000000     
           5           9   1019.60254000000     
           5          10   852.004150000000     
           5          11   2674.72925000000     
           5          12   1732.28882000000     
           5          13   2920.28076000000     
           5          14   3039.35352000000     
           5          15   151938.281000000     
           5          16   93298.0703000000     
           5          17  -41796.1758000000     
           5          18   52923.3906000000     
           5          19   98550.3906000000     
           5          20   11646.5361000000     
           5          21  -983.634460000000     
           5          22  -2229.93945000000     
           5          23   8017.29199000000     
           5          24   6182.05322000000     
           5          25   5329.14795000000     
           5          26   669.496582000000     
           5          27   1286.30981000000     
           5          28  -3102.37769000000     
           5          29   54593.1445000000     
           5          30   20880.1504000000     
           5          31   3329.64038000000     
           5          32   59902.9219000000     
           5          33   53396.2422000000     
           5          34  -22359.3574000000     
           5          35   1426.70837000000     
           5          36   4714.50439000000     
           5          37   7846.35645000000     
           5          38   3265.81128000000     
           5          39   2850.62109000000     
           5          40   78.7134857000000     
           5          41   3456.20654000000     
           5          42  -2060.83545000000     
           6           1   79382.7031000000     
           6           2   38292.2891000000     
           6           3   11345.2686000000     
           6           4   21400.0508000000     
           6           5   27339.5078000000     
           6           6   90401.1875000000     
           6           7   14617.6758000000     
           6           8   3356.68530000000     
           6           9   4367.91260000000     
           6          10   1374.93018000000     
           6          11   2367.35620000000     
           6          12  -999.526306000000     
           6          13   2231.28589000000     
           6          14   1802.01099000000     
           6          15  -74533.6172000000     
           6          16  -6031.70459000000     
           6          17   36031.3477000000     
           6          18   6676.11670000000     
           6          19  -1341.70056000000     
           6          20   38994.5039000000     
           6          21   6294.17822000000     
           6          22   2854.05518000000     
           6          23   7107.24658000000     
           6          24  -732.756531000000     
           6          25  -3046.03857000000     
           6          26  -3277.40015000000     
           6          27   182.370193000000     
           6          28   3825.94946000000     
           6          29  -119229.133000000     
           6          30  -36891.8320000000     
           6          31   36756.6641000000     
           6          32   2037.79749000000     
           6          33  -7339.61914000000     
           6          34   26509.8320000000     
           6          35  -8634.83789000000     
           6          36  -4904.85498000000     
           6          37  -5529.59766000000     
           6          38   2566.77319000000     
           6          39   1104.91626000000     
           6          40  -2853.96484000000     
           6          41   1694.19495000000     
           6          42   3382.20142000000     
           7           1   39983.9336000000     
           7           2   21042.1816000000     
           7           3   659.791138000000     
           7           4   1021.08289000000     
           7           5   7082.21533000000     
           7           6   14617.6758000000     
           7           7   53899.0898000000     
           7           8   5268.67725000000     
           7           9   4769.70801000000     
           7          10   3350.86255000000     
           7          11   480.617950000000     
           7          12   1959.72974000000     
           7          13   1941.95081000000     
           7          14   1818.87256000000     
           7          15   764.145447000000     
           7          16   5478.78271000000     
           7          17  -17608.1309000000     
           7          18   10653.1484000000     
           7          19   1173.02734000000     
           7          20   13534.3291000000     
           7          21   33547.2461000000     
           7          22  -3027.99390000000     
           7          23   1575.32080000000     
           7          24   505.481842000000     
           7          25  -1321.43689000000     
           7          26   1931.38831000000     
           7          27   1116.64258000000     
           7          28   255.754227000000     
           7          29  -103931.750000000     
           7          30   50499.1523000000     
           7          31  -11235.0732000000     
           7          32  -6442.11816000000     
           7          33   8207.63770000000     
           7          34  -5757.37549000000     
           7          35   13984.7510000000     
           7          36  -3644.82544000000     
           7          37  -6809.18604000000     
           7          38   753.464661000000     
           7          39   289.076172000000     
           7          40   3537.77759000000     
           7          41  -114.682106000000     
           7          42   2622.63574000000     
           8           1   70957.1875000000     
           8           2   3647.27271000000     
           8           3   9746.81152000000     
           8           4   7690.47607000000     
           8           5   2803.74536000000     
           8           6   3356.68530000000     
           8           7   5268.67725000000     
           8           8   31148.6543000000     
           8           9   5357.28857000000     
           8          10   3191.45093000000     
           8          11   1688.00195000000     
           8          12   1878.90161000000     
           8          13   2491.44653000000     
           8          14   1108.61157000000     
           8          15  -57396.3438000000     
           8          16   1849.17639000000     
           8          17  -2428.76831000000     
           8          18   7283.98340000000     
           8          19  -6898.62158000000     
           8          20   12971.2617000000     
           8          21   5427.78613000000     
           8          22   11530.4043000000     
           8          23   2252.66675000000     
           8          24  -597.224060000000     
           8          25  -1506.88843000000     
           8          26  -2435.10889000000     
           8          27   2478.97827000000     
           8          28   292.667175000000     
           8          29   124165.688000000     
           8          30   20799.0156000000     
           8          31   13563.8057000000     
           8          32   18667.0020000000     
           8          33   6151.19043000000     
           8          34   3205.54224000000     
           8          35   2166.64990000000     
           8          36   4417.85889000000     
           8          37  -2787.93970000000     
           8          38   1041.04871000000     
           8          39   286.619598000000     
           8          40  -405.420746000000     
           8          41  -1090.90735000000     
           8          42   2075.69702000000     
           9           1   26141.7168000000     
           9           2   23081.9824000000     
           9           3   802.269836000000     
           9           4   4047.73096000000     
           9           5   1019.60254000000     
           9           6   4367.91260000000     
           9           7   4769.70801000000     
           9           8   5357.28857000000     
           9           9   26477.9062000000     
           9          10   4843.83008000000     
           9          11   2687.62793000000     
           9          12   1569.02515000000     
           9          13   1488.83191000000     
           9          14   701.551514000000     
           9          15  -31015.3887000000     
           9          16   36376.0977000000     
           9          17  -19645.8223000000     
           9          18   18104.5098000000     
           9          19  -8458.64258000000     
           9          20   1355.29333000000     
           9          21   4859.95605000000     
           9          22   3019.28809000000     
           9          23   13013.4619000000     
           9          24   1140.71375000000     
           9          25  -939.352600000000     
           9          26   645.993408000000     
           9          27   411.537750000000     
           9          28   1014.28680000000     
           9          29   4559.89307000000     
           9          30  -27136.3711000000     
           9          31  -35625.9141000000     
           9          32   12571.2998000000     
           9          33  -12580.2725000000     
           9          34  -4903.96631000000     
           9          35  -3586.97974000000     
           9          36   3646.39087000000     
           9          37   7004.74951000000     
           9          38   740.442383000000     
           9          39  -1281.44946000000     
           9          40  -1413.86157000000     
           9          41  -970.176270000000     
           9          42   2130.50269000000     
          10           1   43095.7930000000     
          10           2   8098.77588000000     
          10           3  -5029.42480000000     
          10           4   3183.88037000000     
          10           5   852.004150000000     
          10           6   1374.93018000000     
          10           7   3350.86255000000     
          10           8   3191.45093000000     
          10           9   4843.83008000000     
          10          10   17148.7422000000     
          10          11   3189.28735000000     
          10          12   1593.71545000000     
          10          13   2014.23596000000     
          10          14   1307.14062000000     
          10          15   39037.9883000000     
          10          16   22389.1641000000     
          10          17  -15261.0312000000     
          10          18   11933.9014000000     
          10          19   1281.23999000000     
          10          20   3467.46582000000     
          10          21   3255.95264000000     
          10          22   1457.36755000000     
          10          23   3904.37622000000     
          10          24   5708.38525000000     
          10          25   1438.19019000000     
          10          26  -249.806290000000     
          10          27  -42.8219261000000     
          10          28   472.021912000000     
          10          29  -2825.04565000000     
          10          30   10324.3135000000     
          10          31   13063.0605000000     
          10          32   9312.24902000000     
          10          33   4058.71997000000     
          10          34   2037.03198000000     
          10          35  -8289.00293000000     
          10          36   2948.53613000000     
          10          37  0.898580372000000     
          10          38   4963.84668000000     
          10          39  -2044.46082000000     
          10          40   1965.41748000000     
          10          41  -1058.50830000000     
          10          42   2618.66260000000     
          11           1   33209.0078000000     
          11           2   1871.70325000000     
          11           3   2457.29712000000     
          11           4   4676.36719000000     
          11           5   2674.72925000000     
          11           6   2367.35620000000     
          11           7   480.617950000000     
          11           8   1688.00195000000     
          11           9   2687.62793000000     
          11          10   3189.28735000000     
          11          11   13190.6045000000     
          11          12   2253.14331000000     
          11          13   2256.25049000000     
          11          14   1184.36462000000     
          11          15   6415.25684000000     
          11          16  -19411.6504000000     
          11          17  -5786.89502000000     
          11          18   1122.35608000000     
          11          19  -3190.97144000000     
          11          20   6300.31445000000     
          11          21   1269.47778000000     
          11          22   4798.83984000000     
          11          23   2135.78271000000     
          11          24   7.33893204000000     
          11          25   3456.51050000000     
          11          26  -270.074493000000     
          11          27  -235.185349000000     
          11          28  -989.232178000000     
          11          29  -66968.5781000000     
          11          30  -654.519653000000     
          11          31   14165.0518000000     
          11          32   13380.1514000000     
          11          33   7762.43506000000     
          11          34   3364.15161000000     
          11          35  -4878.70605000000     
          11          36   206.200424000000     
          11          37  -425.315979000000     
          11          38  -92.0772247000000     
          11          39   2058.13599000000     
          11          40  -2776.71021000000     
          11          41   225.372711000000     
          11          42   1284.83093000000     
          12           1   22247.1289000000     
          12           2   9173.69727000000     
          12           3   6820.77783000000     
          12           4   4656.50488000000     
          12           5   1732.28882000000     
          12           6  -999.526306000000     
          12           7   1959.72974000000     
          12           8   1878.90161000000     
          12           9   1569.02515000000     
          12          10   1593.71545000000     
          12          11   2253.14331000000     
          12          12   9996.87207000000     
          12          13   2107.73022000000     
          12          14   1259.57532000000     
          12          15  -91711.7734000000     
          12          16  -289.947113000000     
          12          17   17249.8965000000     
          12          18   10713.1543000000     
          12          19   2597.47778000000     
          12          20  -737.294434000000     
          12          21   3259.79956000000     
          12          22   2808.14160000000     
          12          23   1475.59778000000     
          12          24  -111.837791000000     
          12          25   2375.08081000000     
          12          26   6644.73730000000     
          12          27   140.272583000000     
          12          28   236.554779000000     
          12          29   67530.5938000000     
          12          30  -4287.40576000000     
          12          31   17349.4824000000     
          12          32   13806.4697000000     
          12          33   7458.11768000000     
          12          34   2149.02832000000     
          12          35   5301.99072000000     
          12          36   2233.85889000000     
          12          37   1652.14954000000     
          12          38  -656.151184000000     
          12          39   167.672852000000     
          12          40   2406.23486000000     
          12          41   1082.57068000000     
          12          42   1091.80408000000     
          13           1   19023.2793000000     
          13           2   4802.56836000000     
          13           3   9771.89551000000     
          13           4   5990.08252000000     
          13           5   2920.28076000000     
          13           6   2231.28589000000     
          13           7   1941.95081000000     
          13           8   2491.44653000000     
          13           9   1488.83191000000     
          13          10   2014.23596000000     
          13          11   2256.25049000000     
          13          12   2107.73022000000     
          13          13   8237.65137000000     
          13          14   2202.41992000000     
          13          15  -44884.1445000000     
          13          16   3070.73364000000     
          13          17  -4020.69116000000     
          13          18   7402.48486000000     
          13          19  -2131.58105000000     
          13          20   1456.66626000000     
          13          21   558.971375000000     
          13          22   2319.35889000000     
          13          23   556.781433000000     
          13          24  -395.542328000000     
          13          25  -144.297592000000     
          13          26   873.171814000000     
          13          27   2821.31348000000     
          13          28   82.5265274000000     
          13          29  -17997.6953000000     
          13          30   17035.3906000000     
          13          31  -20653.9316000000     
          13          32   7216.89941000000     
          13          33  -1187.71497000000     
          13          34  -3485.65332000000     
          13          35  -3200.99951000000     
          13          36  -758.228699000000     
          13          37  -506.153839000000     
          13          38   1460.02344000000     
          13          39   257.874329000000     
          13          40   757.949646000000     
          13          41   2003.57507000000     
          13          42   1127.19885000000     
          14           1   25102.6914000000     
          14           2   5631.72949000000     
          14           3   4710.27979000000     
          14           4   4967.24756000000     
          14           5   3039.35352000000     
          14           6   1802.01099000000     
          14           7   1818.87256000000     
          14           8   1108.61157000000     
          14           9   701.551514000000     
          14          10   1307.14062000000     
          14          11   1184.36462000000     
          14          12   1259.57532000000     
          14          13   2202.41992000000     
          14          14   6440.56934000000     
          14          15  -68135.5781000000     
          14          16  -11086.4316000000     
          14          17  -9751.83203000000     
          14          18  -2070.43335000000     
          14          19  -3013.73511000000     
          14          20  -1380.72229000000     
          14          21  -1570.84717000000     
          14          22   965.375183000000     
          14          23  -1339.10242000000     
          14          24  -313.112427000000     
          14          25  -435.928162000000     
          14          26   900.910400000000     
          14          27   318.338593000000     
          14          28   2846.78394000000     
          14          29   2298.41260000000     
          14          30   4905.33740000000     
          14          31   7063.43994000000     
          14          32   2490.72510000000     
          14          33  -6512.46240000000     
          14          34  -4766.74512000000     
          14          35  -791.300354000000     
          14          36   1655.42749000000     
          14          37  -1009.97363000000     
          14          38  -1443.85706000000     
          14          39  -191.896271000000     
          14          40  -342.966644000000     
          14          41   651.446472000000     
          14          42   1690.07068000000     
          15           1   915319.500000000     
          15           2  -423459.094000000     
          15           3  -4876.31689000000     
          15           4   111062.328000000     
          15           5   151938.281000000     
          15           6  -74533.6172000000     
          15           7   764.145447000000     
          15           8  -57396.3438000000     
          15           9  -31015.3887000000     
          15          10   39037.9883000000     
          15          11   6415.25684000000     
          15          12  -91711.7734000000     
          15          13  -44884.1445000000     
          15          14  -68135.5781000000     
          15          15   71280256.0000000     
          15          16   4913844.50000000     
          15          17  -219559.359000000     
          15          18   183181.156000000     
          15          19   615678.500000000     
          15          20   208682.281000000     
          15          21  -3424.06250000000     
          15          22   226002.547000000     
          15          23   75782.9531000000     
          15          24  -5497.73291000000     
          15          25   146895.984000000     
          15          26  -82231.5859000000     
          15          27   59208.5312000000     
          15          28  -17128.6094000000     
          15          29   10671065.0000000     
          15          30  -5284095.50000000     
          15          31  -498443.125000000     
          15          32  -569202.938000000     
          15          33   5325.58984000000     
          15          34   202099.797000000     
          15          35  -194365.516000000     
          15          36  -91366.3672000000     
          15          37  -200224.391000000     
          15          38   53261.8828000000     
          15          39  -32600.5898000000     
          15          40   43860.4062000000     
          15          41   16537.1953000000     
          15          42  -123894.336000000     
          16           1   1024192.25000000     
          16           2   2739648.25000000     
          16           3   533859.562000000     
          16           4   37552.3398000000     
          16           5   93298.0703000000     
          16           6  -6031.70459000000     
          16           7   5478.78271000000     
          16           8   1849.17639000000     
          16           9   36376.0977000000     
          16          10   22389.1641000000     
          16          11  -19411.6504000000     
          16          12  -289.947113000000     
          16          13   3070.73364000000     
          16          14  -11086.4316000000     
          16          15   4913844.50000000     
          16          16   17884630.0000000     
          16          17   1370594.00000000     
          16          18   213405.125000000     
          16          19  -102367.180000000     
          16          20   193078.750000000     
          16          21   75360.2969000000     
          16          22   102262.930000000     
          16          23   32853.7930000000     
          16          24   74901.5859000000     
          16          25   59573.9492000000     
          16          26   41999.9453000000     
          16          27   70875.8359000000     
          16          28   26456.7246000000     
          16          29   4597529.00000000     
          16          30   3143702.25000000     
          16          31  -508768.875000000     
          16          32  -452434.375000000     
          16          33  -184854.922000000     
          16          34   113955.438000000     
          16          35   186611.703000000     
          16          36   132242.969000000     
          16          37   155379.531000000     
          16          38  -19246.8770000000     
          16          39   36537.1133000000     
          16          40   42008.5898000000     
          16          41  -28772.3379000000     
          16          42  -30956.5703000000     
          17           1  -381507.875000000     
          17           2  -50204.7461000000     
          17           3   757472.812000000     
          17           4   131715.703000000     
          17           5  -41796.1758000000     
          17           6   36031.3477000000     
          17           7  -17608.1309000000     
          17           8  -2428.76831000000     
          17           9  -19645.8223000000     
          17          10  -15261.0312000000     
          17          11  -5786.89502000000     
          17          12   17249.8965000000     
          17          13  -4020.69116000000     
          17          14  -9751.83203000000     
          17          15  -219559.359000000     
          17          16   1370594.00000000     
          17          17   6012241.50000000     
          17          18   843490.438000000     
          17          19   249176.859000000     
          17          20   110004.703000000     
          17          21   105154.211000000     
          17          22   106138.617000000     
          17          23   105959.250000000     
          17          24   55022.9688000000     
          17          25   64141.7305000000     
          17          26  -3129.00098000000     
          17          27   34067.3281000000     
          17          28   19182.0234000000     
          17          29   180071.969000000     
          17          30   645059.625000000     
          17          31   2148683.50000000     
          17          32  -42314.9414000000     
          17          33   175287.469000000     
          17          34   166702.203000000     
          17          35   75355.9688000000     
          17          36  -7875.06201000000     
          17          37   117908.492000000     
          17          38   33731.9961000000     
          17          39   52481.2812000000     
          17          40   21952.6895000000     
          17          41  -25220.4727000000     
          17          42  -26258.7871000000     
          18           1   43111.6680000000     
          18           2  -16623.5254000000     
          18           3   128739.562000000     
          18           4   240512.500000000     
          18           5   52923.3906000000     
          18           6   6676.11670000000     
          18           7   10653.1484000000     
          18           8   7283.98340000000     
          18           9   18104.5098000000     
          18          10   11933.9014000000     
          18          11   1122.35608000000     
          18          12   10713.1543000000     
          18          13   7402.48486000000     
          18          14  -2070.43335000000     
          18          15   183181.156000000     
          18          16   213405.125000000     
          18          17   843490.438000000     
          18          18   2246822.50000000     
          18          19   269379.531000000     
          18          20   47237.5156000000     
          18          21   58597.4570000000     
          18          22   51197.3203000000     
          18          23   106922.188000000     
          18          24   48149.7969000000     
          18          25   23659.8281000000     
          18          26   15046.8232000000     
          18          27   17618.4453000000     
          18          28   9192.66406000000     
          18          29  -133964.312000000     
          18          30  -59439.7461000000     
          18          31   230941.641000000     
          18          32   762001.562000000     
          18          33  -67979.0312000000     
          18          34   30196.3809000000     
          18          35   61883.7188000000     
          18          36  -1208.90601000000     
          18          37   67091.3828000000     
          18          38   11699.2266000000     
          18          39   12601.5264000000     
          18          40   34104.2812000000     
          18          41  -40882.2422000000     
          18          42   597.604431000000     
          19           1   138874.953000000     
          19           2   38995.8750000000     
          19           3  -47293.1445000000     
          19           4   3164.50610000000     
          19           5   98550.3906000000     
          19           6  -1341.70056000000     
          19           7   1173.02734000000     
          19           8  -6898.62158000000     
          19           9  -8458.64258000000     
          19          10   1281.23999000000     
          19          11  -3190.97144000000     
          19          12   2597.47778000000     
          19          13  -2131.58105000000     
          19          14  -3013.73511000000     
          19          15   615678.500000000     
          19          16  -102367.180000000     
          19          17   249176.859000000     
          19          18   269379.531000000     
          19          19   949448.062000000     
          19          20   99940.0391000000     
          19          21   34681.3750000000     
          19          22   29305.7969000000     
          19          23   19341.4160000000     
          19          24   19223.6406000000     
          19          25   22509.5254000000     
          19          26   4513.09082000000     
          19          27   5118.93604000000     
          19          28   6184.08496000000     
          19          29  -200983.531000000     
          19          30   23109.1602000000     
          19          31   144972.766000000     
          19          32   202886.312000000     
          19          33   244915.891000000     
          19          34  -10462.9023000000     
          19          35   60650.7891000000     
          19          36   22158.3750000000     
          19          37   28611.4746000000     
          19          38   29960.2441000000     
          19          39   22673.8496000000     
          19          40   1811.67944000000     
          19          41  -8851.57031000000     
          19          42  -8239.10449000000     
          20           1   172580.953000000     
          20           2   53720.9258000000     
          20           3  -3169.41211000000     
          20           4   15394.8398000000     
          20           5   11646.5361000000     
          20           6   38994.5039000000     
          20           7   13534.3291000000     
          20           8   12971.2617000000     
          20           9   1355.29333000000     
          20          10   3467.46582000000     
          20          11   6300.31445000000     
          20          12  -737.294434000000     
          20          13   1456.66626000000     
          20          14  -1380.72229000000     
          20          15   208682.281000000     
          20          16   193078.750000000     
          20          17   110004.703000000     
          20          18   47237.5156000000     
          20          19   99940.0391000000     
          20          20   537848.562000000     
          20          21   83898.5000000000     
          20          22   20822.3867000000     
          20          23   26090.3203000000     
          20          24   32592.4082000000     
          20          25   9020.51367000000     
          20          26  -7736.85205000000     
          20          27   1805.14673000000     
          20          28  -10573.8516000000     
          20          29   431134.375000000     
          20          30  -156586.094000000     
          20          31   160523.594000000     
          20          32   55880.9297000000     
          20          33   29444.2617000000     
          20          34   151901.734000000     
          20          35  -4585.05078000000     
          20          36  -12150.9092000000     
          20          37   26233.8711000000     
          20          38   2329.21436000000     
          20          39   14764.6953000000     
          20          40   8406.54980000000     
          20          41   3593.19067000000     
          20          42   5299.06885000000     
          21           1   119190.953000000     
          21           2   25405.0879000000     
          21           3   16629.2852000000     
          21           4  -28610.8652000000     
          21           5  -983.634460000000     
          21           6   6294.17822000000     
          21           7   33547.2461000000     
          21           8   5427.78613000000     
          21           9   4859.95605000000     
          21          10   3255.95264000000     
          21          11   1269.47778000000     
          21          12   3259.79956000000     
          21          13   558.971375000000     
          21          14  -1570.84717000000     
          21          15  -3424.06250000000     
          21          16   75360.2969000000     
          21          17   105154.211000000     
          21          18   58597.4570000000     
          21          19   34681.3750000000     
          21          20   83898.5000000000     
          21          21   339623.312000000     
          21          22   44168.7734000000     
          21          23   15046.8965000000     
          21          24   15389.4248000000     
          21          25   13943.2227000000     
          21          26  -4837.36475000000     
          21          27   6553.06543000000     
          21          28   336.599274000000     
          21          29  -397797.281000000     
          21          30   22829.0195000000     
          21          31   61120.1211000000     
          21          32   56776.0039000000     
          21          33   47301.5430000000     
          21          34   42487.8320000000     
          21          35   87522.3359000000     
          21          36   15431.5703000000     
          21          37   1287.86072000000     
          21          38   21395.0820000000     
          21          39   11393.8428000000     
          21          40  -5858.44336000000     
          21          41   3224.27539000000     
          21          42  -8070.32422000000     
          22           1   42154.3828000000     
          22           2   54902.8438000000     
          22           3   37970.6875000000     
          22           4   13531.1914000000     
          22           5  -2229.93945000000     
          22           6   2854.05518000000     
          22           7  -3027.99390000000     
          22           8   11530.4043000000     
          22           9   3019.28809000000     
          22          10   1457.36755000000     
          22          11   4798.83984000000     
          22          12   2808.14160000000     
          22          13   2319.35889000000     
          22          14   965.375183000000     
          22          15   226002.547000000     
          22          16   102262.930000000     
          22          17   106138.617000000     
          22          18   51197.3203000000     
          22          19   29305.7969000000     
          22          20   20822.3867000000     
          22          21   44168.7734000000     
          22          22   200248.547000000     
          22          23   38671.7266000000     
          22          24   16116.7451000000     
          22          25   12846.6885000000     
          22          26   1136.51855000000     
          22          27   7766.51221000000     
          22          28   418.684357000000     
          22          29   3095.95093000000     
          22          30  -51621.3828000000     
          22          31   33761.1641000000     
          22          32   3912.85278000000     
          22          33   32107.6953000000     
          22          34   48179.6992000000     
          22          35   27961.9688000000     
          22          36   58419.1836000000     
          22          37   7451.99658000000     
          22          38   13852.6680000000     
          22          39  -3777.17090000000     
          22          40   1882.47583000000     
          22          41  -2791.14160000000     
          22          42  -7603.75928000000     
          23           1   113777.406000000     
          23           2  -27020.0000000000     
          23           3  -7435.70215000000     
          23           4  -4814.89990000000     
          23           5   8017.29199000000     
          23           6   7107.24658000000     
          23           7   1575.32080000000     
          23           8   2252.66675000000     
          23           9   13013.4619000000     
          23          10   3904.37622000000     
          23          11   2135.78271000000     
          23          12   1475.59778000000     
          23          13   556.781433000000     
          23          14  -1339.10242000000     
          23          15   75782.9531000000     
          23          16   32853.7930000000     
          23          17   105959.250000000     
          23          18   106922.188000000     
          23          19   19341.4160000000     
          23          20   26090.3203000000     
          23          21   15046.8965000000     
          23          22   38671.7266000000     
          23          23   148803.750000000     
          23          24   24449.0234000000     
          23          25   5678.18066000000     
          23          26   7729.95801000000     
          23          27   4241.65771000000     
          23          28  -1096.97595000000     
          23          29  -174213.312000000     
          23          30  -31816.9570000000     
          23          31   46235.8672000000     
          23          32   51571.2734000000     
          23          33   43986.0898000000     
          23          34   18035.3398000000     
          23          35  -488.700684000000     
          23          36   26113.6406000000     
          23          37   40913.2969000000     
          23          38  -473.005066000000     
          23          39   2066.04858000000     
          23          40  -4300.64990000000     
          23          41  -1432.90125000000     
          23          42   3707.98950000000     
          24           1   38150.0156000000     
          24           2   22957.1641000000     
          24           3  -4367.98389000000     
          24           4   3508.55322000000     
          24           5   6182.05322000000     
          24           6  -732.756531000000     
          24           7   505.481842000000     
          24           8  -597.224060000000     
          24           9   1140.71375000000     
          24          10   5708.38525000000     
          24          11   7.33893204000000     
          24          12  -111.837791000000     
          24          13  -395.542328000000     
          24          14  -313.112427000000     
          24          15  -5497.73291000000     
          24          16   74901.5859000000     
          24          17   55022.9688000000     
          24          18   48149.7969000000     
          24          19   19223.6406000000     
          24          20   32592.4082000000     
          24          21   15389.4248000000     
          24          22   16116.7451000000     
          24          23   24449.0234000000     
          24          24   94692.8047000000     
          24          25   18430.9648000000     
          24          26   7730.07227000000     
          24          27   2312.24170000000     
          24          28   2477.48608000000     
          24          29  -73894.3438000000     
          24          30   64075.2148000000     
          24          31   34451.3438000000     
          24          32   14621.3662000000     
          24          33   18916.0762000000     
          24          34   9254.81055000000     
          24          35   13974.6895000000     
          24          36  -1327.98926000000     
          24          37   6813.20117000000     
          24          38   18505.4258000000     
          24          39   1613.43323000000     
          24          40   1804.36792000000     
          24          41  -754.643250000000     
          24          42  -2842.14404000000     
          25           1   9425.62891000000     
          25           2   7249.84570000000     
          25           3  -7437.90283000000     
          25           4   814.232056000000     
          25           5   5329.14795000000     
          25           6  -3046.03857000000     
          25           7  -1321.43689000000     
          25           8  -1506.88843000000     
          25           9  -939.352600000000     
          25          10   1438.19019000000     
          25          11   3456.51050000000     
          25          12   2375.08081000000     
          25          13  -144.297592000000     
          25          14  -435.928162000000     
          25          15   146895.984000000     
          25          16   59573.9492000000     
          25          17   64141.7305000000     
          25          18   23659.8281000000     
          25          19   22509.5254000000     
          25          20   9020.51367000000     
          25          21   13943.2227000000     
          25          22   12846.6885000000     
          25          23   5678.18066000000     
          25          24   18430.9648000000     
          25          25   72553.1016000000     
          25          26   10574.8525000000     
          25          27   4750.44873000000     
          25          28   1156.12048000000     
          25          29  -53420.0273000000     
          25          30   62967.8086000000     
          25          31   26022.6973000000     
          25          32   39035.9336000000     
          25          33   25893.6934000000     
          25          34   4171.69092000000     
          25          35   6855.32227000000     
          25          36   2261.52515000000     
          25          37   5196.57666000000     
          25          38   2164.22021000000     
          25          39   25358.7656000000     
          25          40   212.172623000000     
          25          41  -2724.39722000000     
          25          42   3977.94360000000     
          26           1   34463.1641000000     
          26           2   30058.7051000000     
          26           3  -2162.57129000000     
          26           4   3932.31274000000     
          26           5   669.496582000000     
          26           6  -3277.40015000000     
          26           7   1931.38831000000     
          26           8  -2435.10889000000     
          26           9   645.993408000000     
          26          10  -249.806290000000     
          26          11  -270.074493000000     
          26          12   6644.73730000000     
          26          13   873.171814000000     
          26          14   900.910400000000     
          26          15  -82231.5859000000     
          26          16   41999.9453000000     
          26          17  -3129.00098000000     
          26          18   15046.8232000000     
          26          19   4513.09082000000     
          26          20  -7736.85205000000     
          26          21  -4837.36475000000     
          26          22   1136.51855000000     
          26          23   7729.95801000000     
          26          24   7730.07227000000     
          26          25   10574.8525000000     
          26          26   53346.7344000000     
          26          27   4939.46533000000     
          26          28   3739.77246000000     
          26          29   94251.5234000000     
          26          30   74632.7578000000     
          26          31  -4618.67090000000     
          26          32   14468.3867000000     
          26          33   14121.6523000000     
          26          34  -5632.20508000000     
          26          35   6824.07568000000     
          26          36   145.133911000000     
          26          37   6555.46045000000     
          26          38   1294.48462000000     
          26          39  -2431.42993000000     
          26          40   11016.6602000000     
          26          41  -1480.70801000000     
          26          42   2612.23242000000     
          27           1  -29024.0840000000     
          27           2   13927.7324000000     
          27           3  -7850.61377000000     
          27           4  -1319.34546000000     
          27           5   1286.30981000000     
          27           6   182.370193000000     
          27           7   1116.64258000000     
          27           8   2478.97827000000     
          27           9   411.537750000000     
          27          10  -42.8219261000000     
          27          11  -235.185349000000     
          27          12   140.272583000000     
          27          13   2821.31348000000     
          27          14   318.338593000000     
          27          15   59208.5312000000     
          27          16   70875.8359000000     
          27          17   34067.3281000000     
          27          18   17618.4453000000     
          27          19   5118.93604000000     
          27          20   1805.14673000000     
          27          21   6553.06543000000     
          27          22   7766.51221000000     
          27          23   4241.65771000000     
          27          24   2312.24170000000     
          27          25   4750.44873000000     
          27          26   4939.46533000000     
          27          27   44210.3359000000     
          27          28   7330.28760000000     
          27          29   90836.1328000000     
          27          30  -9186.11914000000     
          27          31  -48991.7578000000     
          27          32   7662.40576000000     
          27          33   3267.92017000000     
          27          34   2567.26880000000     
          27          35  -5584.73975000000     
          27          36   3284.21069000000     
          27          37   1751.52722000000     
          27          38   5932.79688000000     
          27          39   6151.57959000000     
          27          40   2777.03589000000     
          27          41   9781.57227000000     
          27          42   1649.05469000000     
          28           1  -11988.7119000000     
          28           2   8389.11914000000     
          28           3  -8631.04688000000     
          28           4  -956.256958000000     
          28           5  -3102.37769000000     
          28           6   3825.94946000000     
          28           7   255.754227000000     
          28           8   292.667175000000     
          28           9   1014.28680000000     
          28          10   472.021912000000     
          28          11  -989.232178000000     
          28          12   236.554779000000     
          28          13   82.5265274000000     
          28          14   2846.78394000000     
          28          15  -17128.6094000000     
          28          16   26456.7246000000     
          28          17   19182.0234000000     
          28          18   9192.66406000000     
          28          19   6184.08496000000     
          28          20  -10573.8516000000     
          28          21   336.599274000000     
          28          22   418.684357000000     
          28          23  -1096.97595000000     
          28          24   2477.48608000000     
          28          25   1156.12048000000     
          28          26   3739.77246000000     
          28          27   7330.28760000000     
          28          28   35057.4688000000     
          28          29   58153.5977000000     
          28          30  -13738.6367000000     
          28          31  -37838.0234000000     
          28          32  -14217.7314000000     
          28          33   2049.16455000000     
          28          34  -72.2776184000000     
          28          35  -8907.69141000000     
          28          36  -449.111633000000     
          28          37  -4480.85010000000     
          28          38  -2839.84253000000     
          28          39   2431.92725000000     
          28          40   2277.95483000000     
          28          41   2531.89966000000     
          28          42   7629.94775000000     
          29           1   7497008.50000000     
          29           2   1656381.50000000     
          29           3   442678.875000000     
          29           4  -143318.359000000     
          29           5   54593.1445000000     
          29           6  -119229.133000000     
          29           7  -103931.750000000     
          29           8   124165.688000000     
          29           9   4559.89307000000     
          29          10  -2825.04565000000     
          29          11  -66968.5781000000     
          29          12   67530.5938000000     
          29          13  -17997.6953000000     
          29          14   2298.41260000000     
          29          15   10671065.0000000     
          29          16   4597529.00000000     
          29          17   180071.969000000     
          29          18  -133964.312000000     
          29          19  -200983.531000000     
          29          20   431134.375000000     
          29          21  -397797.281000000     
          29          22   3095.95093000000     
          29          23  -174213.312000000     
          29          24  -73894.3438000000     
          29          25  -53420.0273000000     
          29          26   94251.5234000000     
          29          27   90836.1328000000     
          29          28   58153.5977000000     
          29          29   144033040.000000     
          29          30   4043798.75000000     
          29          31   255457.516000000     
          29          32  -1153939.50000000     
          29          33  -66196.8750000000     
          29          34   804041.250000000     
          29          35   368845.938000000     
          29          36  -398854.031000000     
          29          37  -120876.375000000     
          29          38   124855.398000000     
          29          39   83303.1719000000     
          29          40   206982.500000000     
          29          41  -3460.61426000000     
          29          42   37865.8984000000     
          30           1  -431349.094000000     
          30           2   1007527.75000000     
          30           3   91719.3750000000     
          30           4   225645.422000000     
          30           5   20880.1504000000     
          30           6  -36891.8320000000     
          30           7   50499.1523000000     
          30           8   20799.0156000000     
          30           9  -27136.3711000000     
          30          10   10324.3135000000     
          30          11  -654.519653000000     
          30          12  -4287.40576000000     
          30          13   17035.3906000000     
          30          14   4905.33740000000     
          30          15  -5284095.50000000     
          30          16   3143702.25000000     
          30          17   645059.625000000     
          30          18  -59439.7461000000     
          30          19   23109.1602000000     
          30          20  -156586.094000000     
          30          21   22829.0195000000     
          30          22  -51621.3828000000     
          30          23  -31816.9570000000     
          30          24   64075.2148000000     
          30          25   62967.8086000000     
          30          26   74632.7578000000     
          30          27  -9186.11914000000     
          30          28  -13738.6367000000     
          30          29   4043798.75000000     
          30          30   23932132.0000000     
          30          31   1264595.88000000     
          30          32   592867.000000000     
          30          33   456746.906000000     
          30          34  -110229.117000000     
          30          35   109528.781000000     
          30          36  -59219.3164000000     
          30          37   162694.188000000     
          30          38   168521.781000000     
          30          39   62535.7578000000     
          30          40   32096.5957000000     
          30          41  -9090.76074000000     
          30          42  -35095.3047000000     
          31           1   213045.672000000     
          31           2  -65972.5078000000     
          31           3   306135.594000000     
          31           4   70250.8516000000     
          31           5   3329.64038000000     
          31           6   36756.6641000000     
          31           7  -11235.0732000000     
          31           8   13563.8057000000     
          31           9  -35625.9141000000     
          31          10   13063.0605000000     
          31          11   14165.0518000000     
          31          12   17349.4824000000     
          31          13  -20653.9316000000     
          31          14   7063.43994000000     
          31          15  -498443.125000000     
          31          16  -508768.875000000     
          31          17   2148683.50000000     
          31          18   230941.641000000     
          31          19   144972.766000000     
          31          20   160523.594000000     
          31          21   61120.1211000000     
          31          22   33761.1641000000     
          31          23   46235.8672000000     
          31          24   34451.3438000000     
          31          25   26022.6973000000     
          31          26  -4618.67090000000     
          31          27  -48991.7578000000     
          31          28  -37838.0234000000     
          31          29   255457.516000000     
          31          30   1264595.88000000     
          31          31   9718378.00000000     
          31          32   625980.188000000     
          31          33   198964.406000000     
          31          34   274805.938000000     
          31          35  -17309.8926000000     
          31          36   23055.4863000000     
          31          37  -24570.7852000000     
          31          38  -53098.0586000000     
          31          39   3795.99683000000     
          31          40   31073.7656000000     
          31          41  -19645.7051000000     
          31          42  -9213.58008000000     
          32           1   279997.469000000     
          32           2  -36882.0547000000     
          32           3  -56083.7812000000     
          32           4   102017.781000000     
          32           5   59902.9219000000     
          32           6   2037.79749000000     
          32           7  -6442.11816000000     
          32           8   18667.0020000000     
          32           9   12571.2998000000     
          32          10   9312.24902000000     
          32          11   13380.1514000000     
          32          12   13806.4697000000     
          32          13   7216.89941000000     
          32          14   2490.72510000000     
          32          15  -569202.938000000     
          32          16  -452434.375000000     
          32          17  -42314.9414000000     
          32          18   762001.562000000     
          32          19   202886.312000000     
          32          20   55880.9297000000     
          32          21   56776.0039000000     
          32          22   3912.85278000000     
          32          23   51571.2734000000     
          32          24   14621.3662000000     
          32          25   39035.9336000000     
          32          26   14468.3867000000     
          32          27   7662.40576000000     
          32          28  -14217.7314000000     
          32          29  -1153939.50000000     
          32          30   592867.000000000     
          32          31   625980.188000000     
          32          32   3652759.75000000     
          32          33   284379.562000000     
          32          34   57358.5391000000     
          32          35   143919.625000000     
          32          36  -32320.6191000000     
          32          37   93189.2500000000     
          32          38   26385.6641000000     
          32          39   42776.7773000000     
          32          40   49103.9727000000     
          32          41   24463.1875000000     
          32          42   36851.6250000000     
          33           1   282326.188000000     
          33           2  -76432.7891000000     
          33           3  -94798.7109000000     
          33           4  -7189.10205000000     
          33           5   53396.2422000000     
          33           6  -7339.61914000000     
          33           7   8207.63770000000     
          33           8   6151.19043000000     
          33           9  -12580.2725000000     
          33          10   4058.71997000000     
          33          11   7762.43506000000     
          33          12   7458.11768000000     
          33          13  -1187.71497000000     
          33          14  -6512.46240000000     
          33          15   5325.58984000000     
          33          16  -184854.922000000     
          33          17   175287.469000000     
          33          18  -67979.0312000000     
          33          19   244915.891000000     
          33          20   29444.2617000000     
          33          21   47301.5430000000     
          33          22   32107.6953000000     
          33          23   43986.0898000000     
          33          24   18916.0762000000     
          33          25   25893.6934000000     
          33          26   14121.6523000000     
          33          27   3267.92017000000     
          33          28   2049.16455000000     
          33          29  -66196.8750000000     
          33          30   456746.906000000     
          33          31   198964.406000000     
          33          32   284379.562000000     
          33          33   1667822.25000000     
          33          34   180060.453000000     
          33          35   87567.3359000000     
          33          36   68800.5156000000     
          33          37   37577.0898000000     
          33          38   46660.9336000000     
          33          39   19613.1895000000     
          33          40   2222.09497000000     
          33          41   21418.3301000000     
          33          42   20694.4668000000     
          34           1   166579.094000000     
          34           2   35263.6914000000     
          34           3   34930.9805000000     
          34           4  -6716.06689000000     
          34           5  -22359.3574000000     
          34           6   26509.8320000000     
          34           7  -5757.37549000000     
          34           8   3205.54224000000     
          34           9  -4903.96631000000     
          34          10   2037.03198000000     
          34          11   3364.15161000000     
          34          12   2149.02832000000     
          34          13  -3485.65332000000     
          34          14  -4766.74512000000     
          34          15   202099.797000000     
          34          16   113955.438000000     
          34          17   166702.203000000     
          34          18   30196.3809000000     
          34          19  -10462.9023000000     
          34          20   151901.734000000     
          34          21   42487.8320000000     
          34          22   48179.6992000000     
          34          23   18035.3398000000     
          34          24   9254.81055000000     
          34          25   4171.69092000000     
          34          26  -5632.20508000000     
          34          27   2567.26880000000     
          34          28  -72.2776184000000     
          34          29   804041.250000000     
          34          30  -110229.117000000     
          34          31   274805.938000000     
          34          32   57358.5391000000     
          34          33   180060.453000000     
          34          34   874696.688000000     
          34          35   138068.438000000     
          34          36   14979.5938000000     
          34          37   14044.9326000000     
          34          38   12030.0254000000     
          34          39   19402.9688000000     
          34          40  -17977.4922000000     
          34          41  -13010.6455000000     
          34          42  -17418.1875000000     
          35           1   44917.9648000000     
          35           2   101121.922000000     
          35           3  -16980.2031000000     
          35           4  -11952.4600000000     
          35           5   1426.70837000000     
          35           6  -8634.83789000000     
          35           7   13984.7510000000     
          35           8   2166.64990000000     
          35           9  -3586.97974000000     
          35          10  -8289.00293000000     
          35          11  -4878.70605000000     
          35          12   5301.99072000000     
          35          13  -3200.99951000000     
          35          14  -791.300354000000     
          35          15  -194365.516000000     
          35          16   186611.703000000     
          35          17   75355.9688000000     
          35          18   61883.7188000000     
          35          19   60650.7891000000     
          35          20  -4585.05078000000     
          35          21   87522.3359000000     
          35          22   27961.9688000000     
          35          23  -488.700684000000     
          35          24   13974.6895000000     
          35          25   6855.32227000000     
          35          26   6824.07568000000     
          35          27  -5584.73975000000     
          35          28  -8907.69141000000     
          35          29   368845.938000000     
          35          30   109528.781000000     
          35          31  -17309.8926000000     
          35          32   143919.625000000     
          35          33   87567.3359000000     
          35          34   138068.438000000     
          35          35   550235.938000000     
          35          36   45784.5586000000     
          35          37   11372.2100000000     
          35          38   1645.20569000000     
          35          39   21115.8145000000     
          35          40  -16870.2305000000     
          35          41  -1200.78259000000     
          35          42  -12784.5137000000     
          36           1   1420.87427000000     
          36           2   47100.3008000000     
          36           3   7760.20264000000     
          36           4  -12176.3252000000     
          36           5   4714.50439000000     
          36           6  -4904.85498000000     
          36           7  -3644.82544000000     
          36           8   4417.85889000000     
          36           9   3646.39087000000     
          36          10   2948.53613000000     
          36          11   206.200424000000     
          36          12   2233.85889000000     
          36          13  -758.228699000000     
          36          14   1655.42749000000     
          36          15  -91366.3672000000     
          36          16   132242.969000000     
          36          17  -7875.06201000000     
          36          18  -1208.90601000000     
          36          19   22158.3750000000     
          36          20  -12150.9092000000     
          36          21   15431.5703000000     
          36          22   58419.1836000000     
          36          23   26113.6406000000     
          36          24  -1327.98926000000     
          36          25   2261.52515000000     
          36          26   145.133911000000     
          36          27   3284.21069000000     
          36          28  -449.111633000000     
          36          29  -398854.031000000     
          36          30  -59219.3164000000     
          36          31   23055.4863000000     
          36          32  -32320.6191000000     
          36          33   68800.5156000000     
          36          34   14979.5938000000     
          36          35   45784.5586000000     
          36          36   351504.094000000     
          36          37   51087.6719000000     
          36          38   23746.0957000000     
          36          39   10317.3340000000     
          36          40  -4003.18213000000     
          36          41   6665.73926000000     
          36          42   2555.61719000000     
          37           1   39447.6133000000     
          37           2  -552.327759000000     
          37           3   36664.2656000000     
          37           4  -13691.5469000000     
          37           5   7846.35645000000     
          37           6  -5529.59766000000     
          37           7  -6809.18604000000     
          37           8  -2787.93970000000     
          37           9   7004.74951000000     
          37          10  0.898580372000000     
          37          11  -425.315979000000     
          37          12   1652.14954000000     
          37          13  -506.153839000000     
          37          14  -1009.97363000000     
          37          15  -200224.391000000     
          37          16   155379.531000000     
          37          17   117908.492000000     
          37          18   67091.3828000000     
          37          19   28611.4746000000     
          37          20   26233.8711000000     
          37          21   1287.86072000000     
          37          22   7451.99658000000     
          37          23   40913.2969000000     
          37          24   6813.20117000000     
          37          25   5196.57666000000     
          37          26   6555.46045000000     
          37          27   1751.52722000000     
          37          28  -4480.85010000000     
          37          29  -120876.375000000     
          37          30   162694.188000000     
          37          31  -24570.7852000000     
          37          32   93189.2500000000     
          37          33   37577.0898000000     
          37          34   14044.9326000000     
          37          35   11372.2100000000     
          37          36   51087.6719000000     
          37          37   262091.047000000     
          37          38   43801.5312000000     
          37          39   1380.61572000000     
          37          40   10520.6416000000     
          37          41   7163.31787000000     
          37          42  -627.749695000000     
          38           1   57855.4180000000     
          38           2   27859.4121000000     
          38           3  -2271.28418000000     
          38           4  -1193.76221000000     
          38           5   3265.81128000000     
          38           6   2566.77319000000     
          38           7   753.464661000000     
          38           8   1041.04871000000     
          38           9   740.442383000000     
          38          10   4963.84668000000     
          38          11  -92.0772247000000     
          38          12  -656.151184000000     
          38          13   1460.02344000000     
          38          14  -1443.85706000000     
          38          15   53261.8828000000     
          38          16  -19246.8770000000     
          38          17   33731.9961000000     
          38          18   11699.2266000000     
          38          19   29960.2441000000     
          38          20   2329.21436000000     
          38          21   21395.0820000000     
          38          22   13852.6680000000     
          38          23  -473.005066000000     
          38          24   18505.4258000000     
          38          25   2164.22021000000     
          38          26   1294.48462000000     
          38          27   5932.79688000000     
          38          28  -2839.84253000000     
          38          29   124855.398000000     
          38          30   168521.781000000     
          38          31  -53098.0586000000     
          38          32   26385.6641000000     
          38          33   46660.9336000000     
          38          34   12030.0254000000     
          38          35   1645.20569000000     
          38          36   23746.0957000000     
          38          37   43801.5312000000     
          38          38   160342.219000000     
          38          39   23172.2344000000     
          38          40   12939.7598000000     
          38          41   2643.71704000000     
          38          42   3705.22607000000     
          39           1   14802.3135000000     
          39           2   8235.23535000000     
          39           3   8478.51465000000     
          39           4   1740.63281000000     
          39           5   2850.62109000000     
          39           6   1104.91626000000     
          39           7   289.076172000000     
          39           8   286.619598000000     
          39           9  -1281.44946000000     
          39          10  -2044.46082000000     
          39          11   2058.13599000000     
          39          12   167.672852000000     
          39          13   257.874329000000     
          39          14  -191.896271000000     
          39          15  -32600.5898000000     
          39          16   36537.1133000000     
          39          17   52481.2812000000     
          39          18   12601.5264000000     
          39          19   22673.8496000000     
          39          20   14764.6953000000     
          39          21   11393.8428000000     
          39          22  -3777.17090000000     
          39          23   2066.04858000000     
          39          24   1613.43323000000     
          39          25   25358.7656000000     
          39          26  -2431.42993000000     
          39          27   6151.57959000000     
          39          28   2431.92725000000     
          39          29   83303.1719000000     
          39          30   62535.7578000000     
          39          31   3795.99683000000     
          39          32   42776.7773000000     
          39          33   19613.1895000000     
          39          34   19402.9688000000     
          39          35   21115.8145000000     
          39          36   10317.3340000000     
          39          37   1380.61572000000     
          39          38   23172.2344000000     
          39          39   124835.086000000     
          39          40   15218.4941000000     
          39          41   5539.45996000000     
          39          42   1194.79529000000     
          40           1  -23161.2383000000     
          40           2  -6971.36133000000     
          40           3   25396.1680000000     
          40           4   14485.3936000000     
          40           5   78.7134857000000     
          40           6  -2853.96484000000     
          40           7   3537.77759000000     
          40           8  -405.420746000000     
          40           9  -1413.86157000000     
          40          10   1965.41748000000     
          40          11  -2776.71021000000     
          40          12   2406.23486000000     
          40          13   757.949646000000     
          40          14  -342.966644000000     
          40          15   43860.4062000000     
          40          16   42008.5898000000     
          40          17   21952.6895000000     
          40          18   34104.2812000000     
          40          19   1811.67944000000     
          40          20   8406.54980000000     
          40          21  -5858.44336000000     
          40          22   1882.47583000000     
          40          23  -4300.64990000000     
          40          24   1804.36792000000     
          40          25   212.172623000000     
          40          26   11016.6602000000     
          40          27   2777.03589000000     
          40          28   2277.95483000000     
          40          29   206982.500000000     
          40          30   32096.5957000000     
          40          31   31073.7656000000     
          40          32   49103.9727000000     
          40          33   2222.09497000000     
          40          34  -17977.4922000000     
          40          35  -16870.2305000000     
          40          36  -4003.18213000000     
          40          37   10520.6416000000     
          40          38   12939.7598000000     
          40          39   15218.4941000000     
          40          40   99940.3281000000     
          40          41   12283.0752000000     
          40          42   3173.77319000000     
          41           1   19770.4844000000     
          41           2  -17462.0039000000     
          41           3   2611.24658000000     
          41           4   2079.86548000000     
          41           5   3456.20654000000     
          41           6   1694.19495000000     
          41           7  -114.682106000000     
          41           8  -1090.90735000000     
          41           9  -970.176270000000     
          41          10  -1058.50830000000     
          41          11   225.372711000000     
          41          12   1082.57068000000     
          41          13   2003.57507000000     
          41          14   651.446472000000     
          41          15   16537.1953000000     
          41          16  -28772.3379000000     
          41          17  -25220.4727000000     
          41          18  -40882.2422000000     
          41          19  -8851.57031000000     
          41          20   3593.19067000000     
          41          21   3224.27539000000     
          41          22  -2791.14160000000     
          41          23  -1432.90125000000     
          41          24  -754.643250000000     
          41          25  -2724.39722000000     
          41          26  -1480.70801000000     
          41          27   9781.57227000000     
          41          28   2531.89966000000     
          41          29  -3460.61426000000     
          41          30  -9090.76074000000     
          41          31  -19645.7051000000     
          41          32   24463.1875000000     
          41          33   21418.3301000000     
          41          34  -13010.6455000000     
          41          35  -1200.78259000000     
          41          36   6665.73926000000     
          41          37   7163.31787000000     
          41          38   2643.71704000000     
          41          39   5539.45996000000     
          41          40   12283.0752000000     
          41          41   75475.8906000000     
          41          42   13578.9414000000     
          42           1   50545.3125000000     
          42           2   25305.3887000000     
          42           3  -10836.0117000000     
          42           4  -5476.55859000000     
          42           5  -2060.83545000000     
          42           6   3382.20142000000     
          42           7   2622.63574000000     
          42           8   2075.69702000000     
          42           9   2130.50269000000     
          42          10   2618.66260000000     
          42          11   1284.83093000000     
          42          12   1091.80408000000     
          42          13   1127.19885000000     
          42          14   1690.07068000000     
          42          15  -123894.336000000     
          42          16  -30956.5703000000     
          42          17  -26258.7871000000     
          42          18   597.604431000000     
          42          19  -8239.10449000000     
          42          20   5299.06885000000     
          42          21  -8070.32422000000     
          42          22  -7603.75928000000     
          42          23   3707.98950000000     
          42          24  -2842.14404000000     
          42          25   3977.94360000000     
          42          26   2612.23242000000     
          42          27   1649.05469000000     
          42          28   7629.94775000000     
          42          29   37865.8984000000     
          42          30  -35095.3047000000     
          42          31  -9213.58008000000     
          42          32   36851.6250000000     
          42          33   20694.4668000000     
          42          34  -17418.1875000000     
          42          35  -12784.5137000000     
          42          36   2555.61719000000     
          42          37  -627.749695000000     
          42          38   3705.22607000000     
          42          39   1194.79529000000     
          42          40   3173.77319000000     
          42          41   13578.9414000000     
          42          42   62339.0938000000     
