           1           1   18870496.0000000     
           1           2   2185219.00000000     
           1           3   323678.500000000     
           1           4   238153.516000000     
           1           5   320047.500000000     
           1           6   193439.188000000     
           1           7   140767.359000000     
           1           8   131931.953000000     
           1           9  -11104.7344000000     
           1          10  -7495.61182000000     
           1          11   59560.9141000000     
           1          12   10364.7021000000     
           1          13   9034.16113000000     
           1          14   78785.7266000000     
           1          15   7426311.00000000     
           1          16   859073.188000000     
           1          17  -1313580.50000000     
           1          18   4119.01025000000     
           1          19   263349.844000000     
           1          20   238494.125000000     
           1          21   99630.9062000000     
           1          22  -73237.1016000000     
           1          23   46069.2539000000     
           1          24   57031.9492000000     
           1          25   25586.7812000000     
           1          26   32258.2500000000     
           1          27   119296.641000000     
           1          28   82857.2031000000     
           1          29   12213353.0000000     
           1          30   517542.281000000     
           1          31   1246926.75000000     
           1          32   836544.188000000     
           1          33   593338.188000000     
           1          34   14959.2998000000     
           1          35   16599.2012000000     
           1          36   21072.0918000000     
           1          37   77782.8906000000     
           1          38  -71379.4062000000     
           1          39  -63864.0586000000     
           1          40  -7113.59375000000     
           1          41   45424.4922000000     
           1          42   105525.945000000     
           2           1   2185219.00000000     
           2           2   4812422.50000000     
           2           3   698852.438000000     
           2           4   235801.469000000     
           2           5   134340.500000000     
           2           6   146843.797000000     
           2           7   60738.7344000000     
           2           8   52182.5039000000     
           2           9   2412.46509000000     
           2          10   41560.3086000000     
           2          11   63832.3906000000     
           2          12   33862.9141000000     
           2          13   30327.2871000000     
           2          14   8588.36523000000     
           2          15   1483361.62000000     
           2          16   3448608.00000000     
           2          17  -303580.906000000     
           2          18   186078.188000000     
           2          19  -63910.0117000000     
           2          20   179970.609000000     
           2          21   1623.46643000000     
           2          22  -271.644470000000     
           2          23   29799.1230000000     
           2          24   8087.82129000000     
           2          25   37092.3594000000     
           2          26   30567.0293000000     
           2          27   31248.5059000000     
           2          28   17013.2812000000     
           2          29   867645.750000000     
           2          30   368781.906000000     
           2          31  -153442.750000000     
           2          32   296132.438000000     
           2          33  -86331.9766000000     
           2          34   157808.594000000     
           2          35  -58719.2070000000     
           2          36   2138.67603000000     
           2          37   10803.5127000000     
           2          38   37420.0234000000     
           2          39   59077.4609000000     
           2          40   18790.1484000000     
           2          41   64068.2773000000     
           2          42  -2650.77368000000     
           3           1   323678.500000000     
           3           2   698852.438000000     
           3           3   1547393.75000000     
           3           4   305000.375000000     
           3           5   161413.062000000     
           3           6   94836.0234000000     
           3           7   45746.5391000000     
           3           8   4623.97021000000     
           3           9   15658.5156000000     
           3          10   15450.4434000000     
           3          11   23321.5312000000     
           3          12   9555.40430000000     
           3          13   13923.4326000000     
           3          14   3146.57739000000     
           3          15  -581286.938000000     
           3          16   1019532.88000000     
           3          17   722906.812000000     
           3          18   185208.469000000     
           3          19  -86025.5547000000     
           3          20  -34099.3281000000     
           3          21  -29992.5488000000     
           3          22   76798.4297000000     
           3          23   24971.4355000000     
           3          24   4200.91504000000     
           3          25   15029.9922000000     
           3          26   22758.5586000000     
           3          27   41651.9297000000     
           3          28   6356.71680000000     
           3          29   409698.250000000     
           3          30   707456.750000000     
           3          31   416681.469000000     
           3          32   96809.6562000000     
           3          33  -24729.1875000000     
           3          34   2737.60303000000     
           3          35   8410.29004000000     
           3          36   51347.4727000000     
           3          37   8293.08691000000     
           3          38   60157.4883000000     
           3          39   44134.1445000000     
           3          40  -1154.57678000000     
           3          41  -11556.5752000000     
           3          42   18962.6113000000     
           4           1   238153.516000000     
           4           2   235801.469000000     
           4           3   305000.375000000     
           4           4   675611.125000000     
           4           5   150693.922000000     
           4           6   48097.4102000000     
           4           7   25433.9023000000     
           4           8   3172.65820000000     
           4           9   4710.63818000000     
           4          10   15569.4111000000     
           4          11   5048.51270000000     
           4          12   5703.41211000000     
           4          13   4626.28223000000     
           4          14   3939.90527000000     
           4          15   471687.531000000     
           4          16   192447.312000000     
           4          17   264124.375000000     
           4          18   551050.375000000     
           4          19   13761.8037000000     
           4          20  -47356.8789000000     
           4          21   7739.71777000000     
           4          22   48243.3945000000     
           4          23  -14006.6865000000     
           4          24   4026.44556000000     
           4          25  -7232.11328000000     
           4          26   10583.3799000000     
           4          27   26241.6445000000     
           4          28   21193.2871000000     
           4          29   5459.77881000000     
           4          30   346613.406000000     
           4          31   456942.562000000     
           4          32   504522.344000000     
           4          33  -34534.0977000000     
           4          34  -19373.0684000000     
           4          35   36936.4766000000     
           4          36   47829.2031000000     
           4          37   5506.13672000000     
           4          38   16108.7539000000     
           4          39  -1630.41907000000     
           4          40   6684.51465000000     
           4          41   5909.01758000000     
           4          42   31241.0645000000     
           5           1   320047.500000000     
           5           2   134340.500000000     
           5           3   161413.062000000     
           5           4   150693.922000000     
           5           5   355174.312000000     
           5           6   71863.7656000000     
           5           7   23531.1914000000     
           5           8   14497.7061000000     
           5           9   17316.4336000000     
           5          10   18265.8633000000     
           5          11   5740.18701000000     
           5          12   2435.79663000000     
           5          13   11741.6396000000     
           5          14   8305.09082000000     
           5          15   517986.875000000     
           5          16   133058.375000000     
           5          17   105267.094000000     
           5          18   124471.367000000     
           5          19   151693.094000000     
           5          20  -8508.00098000000     
           5          21  -8193.64258000000     
           5          22  -8626.63184000000     
           5          23   5684.54688000000     
           5          24   16008.4424000000     
           5          25   5409.35791000000     
           5          26   10670.9375000000     
           5          27   24770.9395000000     
           5          28   6104.37695000000     
           5          29  -513599.594000000     
           5          30  -37532.4180000000     
           5          31   105634.469000000     
           5          32   75339.1562000000     
           5          33   76805.4453000000     
           5          34  -51001.6953000000     
           5          35   12705.0576000000     
           5          36   35605.1133000000     
           5          37   10193.1855000000     
           5          38   15747.6543000000     
           5          39  -6522.62061000000     
           5          40   10974.8984000000     
           5          41  -5184.29980000000     
           5          42   24242.4473000000     
           6           1   193439.188000000     
           6           2   146843.797000000     
           6           3   94836.0234000000     
           6           4   48097.4102000000     
           6           5   71863.7656000000     
           6           6   191495.906000000     
           6           7   43448.4570000000     
           6           8   18800.3516000000     
           6           9   11492.2764000000     
           6          10   6157.06836000000     
           6          11   9377.78320000000     
           6          12   3753.03467000000     
           6          13   8421.27246000000     
           6          14   7149.28467000000     
           6          15   262563.969000000     
           6          16   229091.062000000     
           6          17   69833.8984000000     
           6          18   83838.1641000000     
           6          19   48742.7695000000     
           6          20   100358.914000000     
           6          21   10965.8145000000     
           6          22   9390.61426000000     
           6          23  -825.004700000000     
           6          24   7159.90918000000     
           6          25   15934.1592000000     
           6          26   14391.8613000000     
           6          27  -3462.53979000000     
           6          28  -1441.00244000000     
           6          29  -293611.125000000     
           6          30   79230.3359000000     
           6          31   82753.1641000000     
           6          32   82247.5078000000     
           6          33   12153.9102000000     
           6          34   68719.1641000000     
           6          35  -9131.16797000000     
           6          36  -11655.7686000000     
           6          37  -15448.0908000000     
           6          38   3424.72168000000     
           6          39   19435.9531000000     
           6          40   1523.14819000000     
           6          41   224.617081000000     
           6          42   13631.9736000000     
           7           1   140767.359000000     
           7           2   60738.7344000000     
           7           3   45746.5391000000     
           7           4   25433.9023000000     
           7           5   23531.1914000000     
           7           6   43448.4570000000     
           7           7   109373.633000000     
           7           8   27178.2969000000     
           7           9   13536.1328000000     
           7          10   6629.21240000000     
           7          11   7048.89893000000     
           7          12   5731.59277000000     
           7          13   3973.24878000000     
           7          14   2768.58325000000     
           7          15  -120378.648000000     
           7          16   39555.6602000000     
           7          17   26636.4336000000     
           7          18   8242.09668000000     
           7          19   21831.9688000000     
           7          20   9083.50781000000     
           7          21   26444.5703000000     
           7          22   4415.31201000000     
           7          23  -883.971191000000     
           7          24   842.050476000000     
           7          25   13720.1787000000     
           7          26   4023.62622000000     
           7          27   1286.67883000000     
           7          28   3290.59180000000     
           7          29   161984.797000000     
           7          30   89017.2500000000     
           7          31   48113.0508000000     
           7          32   47646.7539000000     
           7          33  -21432.5391000000     
           7          34   1596.61572000000     
           7          35   26111.3828000000     
           7          36   2791.96216000000     
           7          37  -4606.71729000000     
           7          38  -4056.65039000000     
           7          39   1882.24683000000     
           7          40  -4485.39990000000     
           7          41  -2223.98120000000     
           7          42   3899.81641000000     
           8           1   131931.953000000     
           8           2   52182.5039000000     
           8           3   4623.97021000000     
           8           4   3172.65820000000     
           8           5   14497.7061000000     
           8           6   18800.3516000000     
           8           7   27178.2969000000     
           8           8   69231.8750000000     
           8           9   17892.3652000000     
           8          10   4767.28955000000     
           8          11   9104.21387000000     
           8          12   2348.35205000000     
           8          13   2261.33740000000     
           8          14   3396.69995000000     
           8          15  -23118.8242000000     
           8          16  -48614.0742000000     
           8          17  -1962.06726000000     
           8          18  -19930.6855000000     
           8          19   22838.0957000000     
           8          20   14145.8975000000     
           8          21   18147.9941000000     
           8          22   35052.4844000000     
           8          23   1624.37195000000     
           8          24   1262.25281000000     
           8          25   5528.29541000000     
           8          26   840.262512000000     
           8          27   1563.12280000000     
           8          28   2227.87866000000     
           8          29   42543.5820000000     
           8          30  -56130.7852000000     
           8          31   15065.0508000000     
           8          32  -6784.25293000000     
           8          33   15086.6025000000     
           8          34  -7150.97998000000     
           8          35   71.9678421000000     
           8          36   7962.22998000000     
           8          37  -2039.65686000000     
           8          38  -7907.50391000000     
           8          39  -1919.53589000000     
           8          40  -2743.90332000000     
           8          41  -4337.88379000000     
           8          42  -4279.54932000000     
           9           1  -11104.7344000000     
           9           2   2412.46509000000     
           9           3   15658.5156000000     
           9           4   4710.63818000000     
           9           5   17316.4336000000     
           9           6   11492.2764000000     
           9           7   13536.1328000000     
           9           8   17892.3652000000     
           9           9   58421.9727000000     
           9          10   12206.1826000000     
           9          11   8123.88086000000     
           9          12   2302.56689000000     
           9          13   2690.68237000000     
           9          14   5711.48193000000     
           9          15   67968.9844000000     
           9          16   50537.0117000000     
           9          17   34757.7031000000     
           9          18  -9149.97852000000     
           9          19  -1353.35779000000     
           9          20   7009.84619000000     
           9          21  -12467.5820000000     
           9          22   16364.3184000000     
           9          23   11541.5049000000     
           9          24  -3029.86011000000     
           9          25  -9929.39941000000     
           9          26   3608.95679000000     
           9          27   2316.21240000000     
           9          28  -2352.25903000000     
           9          29   196664.672000000     
           9          30   58814.0820000000     
           9          31   39066.1094000000     
           9          32  -32556.4590000000     
           9          33  -21314.7617000000     
           9          34   3303.32373000000     
           9          35   1430.43176000000     
           9          36   2908.46948000000     
           9          37   25493.8516000000     
           9          38  -3484.99268000000     
           9          39  -7135.13721000000     
           9          40  -11650.0029000000     
           9          41  -1757.07886000000     
           9          42  -535.224426000000     
          10           1  -7495.61182000000     
          10           2   41560.3086000000     
          10           3   15450.4434000000     
          10           4   15569.4111000000     
          10           5   18265.8633000000     
          10           6   6157.06836000000     
          10           7   6629.21240000000     
          10           8   4767.28955000000     
          10           9   12206.1826000000     
          10          10   37300.6016000000     
          10          11   11033.4678000000     
          10          12   6613.08105000000     
          10          13   4941.46826000000     
          10          14   4270.21289000000     
          10          15   22274.3730000000     
          10          16   47626.8320000000     
          10          17  -17280.0039000000     
          10          18  -7805.22998000000     
          10          19  -4525.96289000000     
          10          20  -6084.11279000000     
          10          21  -8728.02637000000     
          10          22   2236.11108000000     
          10          23   1295.07166000000     
          10          24   10718.7100000000     
          10          25   4735.09912000000     
          10          26  -1894.62329000000     
          10          27   5625.52539000000     
          10          28   3964.84717000000     
          10          29  -37269.5742000000     
          10          30   24883.4688000000     
          10          31  -33503.2031000000     
          10          32   16300.7744000000     
          10          33  -3712.16968000000     
          10          34   3422.00000000000     
          10          35  -1939.05969000000     
          10          36  -1038.87903000000     
          10          37   6130.06592000000     
          10          38   7034.57812000000     
          10          39  -4812.46387000000     
          10          40  -8548.55469000000     
          10          41  -3811.45020000000     
          10          42  -3517.20825000000     
          11           1   59560.9141000000     
          11           2   63832.3906000000     
          11           3   23321.5312000000     
          11           4   5048.51270000000     
          11           5   5740.18701000000     
          11           6   9377.78320000000     
          11           7   7048.89893000000     
          11           8   9104.21387000000     
          11           9   8123.88086000000     
          11          10   11033.4678000000     
          11          11   30303.5664000000     
          11          12   9943.52246000000     
          11          13   5111.51318000000     
          11          14   4052.83179000000     
          11          15  -6096.38672000000     
          11          16   28902.7090000000     
          11          17   39402.3125000000     
          11          18   10435.2031000000     
          11          19   11551.7061000000     
          11          20   8974.98047000000     
          11          21   8521.64062000000     
          11          22   13560.3320000000     
          11          23   1479.83655000000     
          11          24   6914.65723000000     
          11          25   16968.1992000000     
          11          26   2602.58789000000     
          11          27   824.523254000000     
          11          28   5858.29834000000     
          11          29   72009.9609000000     
          11          30  -13383.9600000000     
          11          31  -4200.62305000000     
          11          32   22223.7324000000     
          11          33   9519.64062000000     
          11          34   10.3658867000000     
          11          35  -4034.53589000000     
          11          36  -1005.18805000000     
          11          37  -6239.64648000000     
          11          38  -1339.86365000000     
          11          39   10238.9873000000     
          11          40  -7610.78174000000     
          11          41  -1608.03638000000     
          11          42  -521.045898000000     
          12           1   10364.7021000000     
          12           2   33862.9141000000     
          12           3   9555.40430000000     
          12           4   5703.41211000000     
          12           5   2435.79663000000     
          12           6   3753.03467000000     
          12           7   5731.59277000000     
          12           8   2348.35205000000     
          12           9   2302.56689000000     
          12          10   6613.08105000000     
          12          11   9943.52246000000     
          12          12   24518.4277000000     
          12          13   7423.37939000000     
          12          14   3681.69873000000     
          12          15   101723.906000000     
          12          16   75471.7344000000     
          12          17  -8096.40723000000     
          12          18   10116.0117000000     
          12          19   2862.16260000000     
          12          20   4742.39893000000     
          12          21   1862.52490000000     
          12          22   7554.39697000000     
          12          23  -5054.39941000000     
          12          24   1258.46436000000     
          12          25   5485.27979000000     
          12          26   7840.63574000000     
          12          27   5213.45215000000     
          12          28   2389.04102000000     
          12          29   7365.38330000000     
          12          30   55646.0117000000     
          12          31   46074.7617000000     
          12          32   9957.15137000000     
          12          33  -3170.89355000000     
          12          34   1089.61646000000     
          12          35   5646.87402000000     
          12          36  -6289.52441000000     
          12          37  -12439.1172000000     
          12          38  -297.813843000000     
          12          39  -1900.38831000000     
          12          40   6093.61621000000     
          12          41   729.880737000000     
          12          42   2256.55298000000     
          13           1   9034.16113000000     
          13           2   30327.2871000000     
          13           3   13923.4326000000     
          13           4   4626.28223000000     
          13           5   11741.6396000000     
          13           6   8421.27246000000     
          13           7   3973.24878000000     
          13           8   2261.33740000000     
          13           9   2690.68237000000     
          13          10   4941.46826000000     
          13          11   5111.51318000000     
          13          12   7423.37939000000     
          13          13   21309.9336000000     
          13          14   6701.25098000000     
          13          15  -9251.85938000000     
          13          16   43460.4023000000     
          13          17  -5302.71973000000     
          13          18   14615.6621000000     
          13          19   9011.12012000000     
          13          20   1841.69067000000     
          13          21  -5141.58203000000     
          13          22   4634.23535000000     
          13          23  -863.682007000000     
          13          24   4092.24219000000     
          13          25   2818.09912000000     
          13          26   3151.36621000000     
          13          27   7372.01318000000     
          13          28   2661.54785000000     
          13          29   30098.3691000000     
          13          30   8560.89355000000     
          13          31  -3810.64722000000     
          13          32   26041.8438000000     
          13          33  -11703.6494000000     
          13          34  -9876.19922000000     
          13          35   1450.74365000000     
          13          36  -3502.83813000000     
          13          37   706.066101000000     
          13          38  -564.484741000000     
          13          39   1020.93414000000     
          13          40   1543.11597000000     
          13          41   2092.40796000000     
          13          42   3912.36011000000     
          14           1   78785.7266000000     
          14           2   8588.36523000000     
          14           3   3146.57739000000     
          14           4   3939.90527000000     
          14           5   8305.09082000000     
          14           6   7149.28467000000     
          14           7   2768.58325000000     
          14           8   3396.69995000000     
          14           9   5711.48193000000     
          14          10   4270.21289000000     
          14          11   4052.83179000000     
          14          12   3681.69873000000     
          14          13   6701.25098000000     
          14          14   17730.5059000000     
          14          15  -55924.4258000000     
          14          16   3579.71533000000     
          14          17  -6882.40869000000     
          14          18  -32.9077454000000     
          14          19   7048.11182000000     
          14          20   3022.92603000000     
          14          21   6147.63330000000     
          14          22   4941.32373000000     
          14          23   8043.78467000000     
          14          24   4681.51465000000     
          14          25   1751.35474000000     
          14          26   2435.58594000000     
          14          27   2079.16675000000     
          14          28   3405.86499000000     
          14          29   145240.781000000     
          14          30   72823.1875000000     
          14          31  -20607.2441000000     
          14          32  -6217.95264000000     
          14          33   69.4595947000000     
          14          34  -6781.73291000000     
          14          35   243.202408000000     
          14          36  -708.305420000000     
          14          37   6723.54688000000     
          14          38  -1190.38708000000     
          14          39  -5581.87793000000     
          14          40  -1214.47473000000     
          14          41   1042.65881000000     
          14          42   2341.57544000000     
          15           1   7426311.00000000     
          15           2   1483361.62000000     
          15           3  -581286.938000000     
          15           4   471687.531000000     
          15           5   517986.875000000     
          15           6   262563.969000000     
          15           7  -120378.648000000     
          15           8  -23118.8242000000     
          15           9   67968.9844000000     
          15          10   22274.3730000000     
          15          11  -6096.38672000000     
          15          12   101723.906000000     
          15          13  -9251.85938000000     
          15          14  -55924.4258000000     
          15          15   109971648.000000     
          15          16   10598793.0000000     
          15          17   869913.688000000     
          15          18  -536005.750000000     
          15          19   559526.438000000     
          15          20   877425.812000000     
          15          21  -109012.383000000     
          15          22  -65472.1914000000     
          15          23   167507.344000000     
          15          24   69816.8359000000     
          15          25   62040.7539000000     
          15          26   304097.688000000     
          15          27   236853.328000000     
          15          28   1221.46716000000     
          15          29  -8705859.00000000     
          15          30  -7953064.00000000     
          15          31  -4215968.50000000     
          15          32   1557301.75000000     
          15          33   418750.875000000     
          15          34   913503.125000000     
          15          35   600053.125000000     
          15          36   126145.289000000     
          15          37  -69918.0156000000     
          15          38  -230317.125000000     
          15          39  -3426.81738000000     
          15          40   353016.750000000     
          15          41  -377903.156000000     
          15          42   69047.5000000000     
          16           1   859073.188000000     
          16           2   3448608.00000000     
          16           3   1019532.88000000     
          16           4   192447.312000000     
          16           5   133058.375000000     
          16           6   229091.062000000     
          16           7   39555.6602000000     
          16           8  -48614.0742000000     
          16           9   50537.0117000000     
          16          10   47626.8320000000     
          16          11   28902.7090000000     
          16          12   75471.7344000000     
          16          13   43460.4023000000     
          16          14   3579.71533000000     
          16          15   10598793.0000000     
          16          16   27631532.0000000     
          16          17   2816537.75000000     
          16          18   577851.812000000     
          16          19   117381.227000000     
          16          20   153353.109000000     
          16          21   58124.7773000000     
          16          22   26943.5000000000     
          16          23  -62404.1953000000     
          16          24   154954.656000000     
          16          25  -41506.1328000000     
          16          26   132895.297000000     
          16          27   225173.656000000     
          16          28   42529.1953000000     
          16          29   306220.031000000     
          16          30   8598041.00000000     
          16          31  -3468777.25000000     
          16          32  -200948.672000000     
          16          33  -399528.438000000     
          16          34   198214.531000000     
          16          35   177.074890000000     
          16          36   1638.87292000000     
          16          37  -3344.15259000000     
          16          38   196555.344000000     
          16          39  -185434.656000000     
          16          40   170764.375000000     
          16          41  -119662.359000000     
          16          42  -53865.0938000000     
          17           1  -1313580.50000000     
          17           2  -303580.906000000     
          17           3   722906.812000000     
          17           4   264124.375000000     
          17           5   105267.094000000     
          17           6   69833.8984000000     
          17           7   26636.4336000000     
          17           8  -1962.06726000000     
          17           9   34757.7031000000     
          17          10  -17280.0039000000     
          17          11   39402.3125000000     
          17          12  -8096.40723000000     
          17          13  -5302.71973000000     
          17          14  -6882.40869000000     
          17          15   869913.688000000     
          17          16   2816537.75000000     
          17          17   9618324.00000000     
          17          18   1129244.50000000     
          17          19   18553.9023000000     
          17          20   219304.781000000     
          17          21   110514.180000000     
          17          22  -32097.5293000000     
          17          23  -18454.4297000000     
          17          24   81472.9375000000     
          17          25   38327.9766000000     
          17          26   86954.2734000000     
          17          27   39156.4805000000     
          17          28   19592.2949000000     
          17          29  -1830832.12000000     
          17          30   1445221.25000000     
          17          31   459449.188000000     
          17          32  -675441.812000000     
          17          33  -158189.703000000     
          17          34  -112580.695000000     
          17          35   99475.7969000000     
          17          36   41208.3047000000     
          17          37   129360.703000000     
          17          38   78977.5547000000     
          17          39   53905.9883000000     
          17          40   30572.3184000000     
          17          41  -11936.6562000000     
          17          42   27892.5703000000     
          18           1   4119.01025000000     
          18           2   186078.188000000     
          18           3   185208.469000000     
          18           4   551050.375000000     
          18           5   124471.367000000     
          18           6   83838.1641000000     
          18           7   8242.09668000000     
          18           8  -19930.6855000000     
          18           9  -9149.97852000000     
          18          10  -7805.22998000000     
          18          11   10435.2031000000     
          18          12   10116.0117000000     
          18          13   14615.6621000000     
          18          14  -32.9077454000000     
          18          15  -536005.750000000     
          18          16   577851.812000000     
          18          17   1129244.50000000     
          18          18   4058905.25000000     
          18          19   425195.438000000     
          18          20   163336.609000000     
          18          21   90146.3281000000     
          18          22   36203.8672000000     
          18          23   24029.6465000000     
          18          24   1004.25793000000     
          18          25   3865.35278000000     
          18          26   36464.1641000000     
          18          27   11949.1650000000     
          18          28   18649.0176000000     
          18          29  -498192.781000000     
          18          30   357562.406000000     
          18          31   844369.688000000     
          18          32   1394758.38000000     
          18          33  -276447.750000000     
          18          34  -180680.453000000     
          18          35   87602.8203000000     
          18          36   102208.859000000     
          18          37  -74477.7344000000     
          18          38   44969.5898000000     
          18          39  -39331.0234000000     
          18          40   37761.3594000000     
          18          41  -10302.3203000000     
          18          42   32070.1328000000     
          19           1   263349.844000000     
          19           2  -63910.0117000000     
          19           3  -86025.5547000000     
          19           4   13761.8037000000     
          19           5   151693.094000000     
          19           6   48742.7695000000     
          19           7   21831.9688000000     
          19           8   22838.0957000000     
          19           9  -1353.35779000000     
          19          10  -4525.96289000000     
          19          11   11551.7061000000     
          19          12   2862.16260000000     
          19          13   9011.12012000000     
          19          14   7048.11182000000     
          19          15   559526.438000000     
          19          16   117381.227000000     
          19          17   18553.9023000000     
          19          18   425195.438000000     
          19          19   1892430.12000000     
          19          20   329861.250000000     
          19          21   61275.9805000000     
          19          22   39797.0078000000     
          19          23   4782.60840000000     
          19          24   10659.3828000000     
          19          25   16614.0000000000     
          19          26   48907.1797000000     
          19          27  -2040.25183000000     
          19          28   3903.33521000000     
          19          29   180621.141000000     
          19          30  -189687.625000000     
          19          31   62121.5781000000     
          19          32   439071.406000000     
          19          33   546562.875000000     
          19          34  -45144.2188000000     
          19          35  -37763.8750000000     
          19          36   43909.5156000000     
          19          37  -20507.3711000000     
          19          38  -31755.0703000000     
          19          39  -36126.3125000000     
          19          40   33643.6719000000     
          19          41   12973.5840000000     
          19          42   46195.4531000000     
          20           1   238494.125000000     
          20           2   179970.609000000     
          20           3  -34099.3281000000     
          20           4  -47356.8789000000     
          20           5  -8508.00098000000     
          20           6   100358.914000000     
          20           7   9083.50781000000     
          20           8   14145.8975000000     
          20           9   7009.84619000000     
          20          10  -6084.11279000000     
          20          11   8974.98047000000     
          20          12   4742.39893000000     
          20          13   1841.69067000000     
          20          14   3022.92603000000     
          20          15   877425.812000000     
          20          16   153353.109000000     
          20          17   219304.781000000     
          20          18   163336.609000000     
          20          19   329861.250000000     
          20          20   987077.438000000     
          20          21   155379.031000000     
          20          22   35441.1992000000     
          20          23   20649.6621000000     
          20          24   12129.2324000000     
          20          25  -6878.50195000000     
          20          26   44818.8672000000     
          20          27  -39.2400665000000     
          20          28   2345.15308000000     
          20          29  -592549.125000000     
          20          30  -268673.750000000     
          20          31   63643.4648000000     
          20          32   149814.203000000     
          20          33   195719.562000000     
          20          34   163770.891000000     
          20          35  -24536.8887000000     
          20          36  -32594.7344000000     
          20          37  -45509.9023000000     
          20          38   2633.82910000000     
          20          39   2689.01392000000     
          20          40   31902.0352000000     
          20          41   16952.2461000000     
          20          42  -17451.0059000000     
          21           1   99630.9062000000     
          21           2   1623.46643000000     
          21           3  -29992.5488000000     
          21           4   7739.71777000000     
          21           5  -8193.64258000000     
          21           6   10965.8145000000     
          21           7   26444.5703000000     
          21           8   18147.9941000000     
          21           9  -12467.5820000000     
          21          10  -8728.02637000000     
          21          11   8521.64062000000     
          21          12   1862.52490000000     
          21          13  -5141.58203000000     
          21          14   6147.63330000000     
          21          15  -109012.383000000     
          21          16   58124.7773000000     
          21          17   110514.180000000     
          21          18   90146.3281000000     
          21          19   61275.9805000000     
          21          20   155379.031000000     
          21          21   612641.000000000     
          21          22   112689.164000000     
          21          23   11577.4316000000     
          21          24   8554.92188000000     
          21          25   33356.2617000000     
          21          26   40011.3633000000     
          21          27  -2420.64600000000     
          21          28   6104.73486000000     
          21          29  -727133.125000000     
          21          30   3659.13330000000     
          21          31   1430.11462000000     
          21          32   16313.0439000000     
          21          33  -3184.81323000000     
          21          34   24649.5566000000     
          21          35   171421.000000000     
          21          36  -31790.1777000000     
          21          37  -9590.97363000000     
          21          38  -32613.9316000000     
          21          39  -17015.8633000000     
          21          40  -1975.50330000000     
          21          41   5261.67969000000     
          21          42  -18800.0449000000     
          22           1  -73237.1016000000     
          22           2  -271.644470000000     
          22           3   76798.4297000000     
          22           4   48243.3945000000     
          22           5  -8626.63184000000     
          22           6   9390.61426000000     
          22           7   4415.31201000000     
          22           8   35052.4844000000     
          22           9   16364.3184000000     
          22          10   2236.11108000000     
          22          11   13560.3320000000     
          22          12   7554.39697000000     
          22          13   4634.23535000000     
          22          14   4941.32373000000     
          22          15  -65472.1914000000     
          22          16   26943.5000000000     
          22          17  -32097.5293000000     
          22          18   36203.8672000000     
          22          19   39797.0078000000     
          22          20   35441.1992000000     
          22          21   112689.164000000     
          22          22   498413.250000000     
          22          23   91119.0234000000     
          22          24   28246.1250000000     
          22          25   30810.5469000000     
          22          26   15076.0576000000     
          22          27   6579.36523000000     
          22          28   7999.58496000000     
          22          29  -289422.812000000     
          22          30   226963.406000000     
          22          31   69650.3906000000     
          22          32   21023.2754000000     
          22          33   55949.1445000000     
          22          34   28887.3457000000     
          22          35   24411.9492000000     
          22          36   68256.6406000000     
          22          37  -9166.77539000000     
          22          38  -27960.3496000000     
          22          39   29219.5410000000     
          22          40  -4673.76953000000     
          22          41   1378.52478000000     
          22          42   2935.30811000000     
          23           1   46069.2539000000     
          23           2   29799.1230000000     
          23           3   24971.4355000000     
          23           4  -14006.6865000000     
          23           5   5684.54688000000     
          23           6  -825.004700000000     
          23           7  -883.971191000000     
          23           8   1624.37195000000     
          23           9   11541.5049000000     
          23          10   1295.07166000000     
          23          11   1479.83655000000     
          23          12  -5054.39941000000     
          23          13  -863.682007000000     
          23          14   8043.78467000000     
          23          15   167507.344000000     
          23          16  -62404.1953000000     
          23          17  -18454.4297000000     
          23          18   24029.6465000000     
          23          19   4782.60840000000     
          23          20   20649.6621000000     
          23          21   11577.4316000000     
          23          22   91119.0234000000     
          23          23   299921.188000000     
          23          24   59938.5039000000     
          23          25   17607.9648000000     
          23          26   1367.89978000000     
          23          27   1921.97510000000     
          23          28   516.347473000000     
          23          29  -310246.375000000     
          23          30  -244198.859000000     
          23          31  -88931.5625000000     
          23          32   22412.6660000000     
          23          33   65753.3906000000     
          23          34   4109.99854000000     
          23          35  -3509.45972000000     
          23          36   27358.7617000000     
          23          37   82044.4922000000     
          23          38  -3265.84692000000     
          23          39  -12935.4336000000     
          23          40  -5031.58887000000     
          23          41   3235.16821000000     
          23          42   6904.14062000000     
          24           1   57031.9492000000     
          24           2   8087.82129000000     
          24           3   4200.91504000000     
          24           4   4026.44556000000     
          24           5   16008.4424000000     
          24           6   7159.90918000000     
          24           7   842.050476000000     
          24           8   1262.25281000000     
          24           9  -3029.86011000000     
          24          10   10718.7100000000     
          24          11   6914.65723000000     
          24          12   1258.46436000000     
          24          13   4092.24219000000     
          24          14   4681.51465000000     
          24          15   69816.8359000000     
          24          16   154954.656000000     
          24          17   81472.9375000000     
          24          18   1004.25793000000     
          24          19   10659.3828000000     
          24          20   12129.2324000000     
          24          21   8554.92188000000     
          24          22   28246.1250000000     
          24          23   59938.5039000000     
          24          24   217558.000000000     
          24          25   49989.3867000000     
          24          26   4556.13916000000     
          24          27   6146.66943000000     
          24          28   10771.5420000000     
          24          29  -301555.656000000     
          24          30  -238628.969000000     
          24          31  -78776.6562000000     
          24          32  -21486.7090000000     
          24          33   7258.30566000000     
          24          34  -4461.88721000000     
          24          35   2032.66858000000     
          24          36   15261.2012000000     
          24          37   7390.66211000000     
          24          38   17748.1074000000     
          24          39  -22040.6797000000     
          24          40  -16637.6699000000     
          24          41  -10933.9717000000     
          24          42  -8884.36328000000     
          25           1   25586.7812000000     
          25           2   37092.3594000000     
          25           3   15029.9922000000     
          25           4  -7232.11328000000     
          25           5   5409.35791000000     
          25           6   15934.1592000000     
          25           7   13720.1787000000     
          25           8   5528.29541000000     
          25           9  -9929.39941000000     
          25          10   4735.09912000000     
          25          11   16968.1992000000     
          25          12   5485.27979000000     
          25          13   2818.09912000000     
          25          14   1751.35474000000     
          25          15   62040.7539000000     
          25          16  -41506.1328000000     
          25          17   38327.9766000000     
          25          18   3865.35278000000     
          25          19   16614.0000000000     
          25          20  -6878.50195000000     
          25          21   33356.2617000000     
          25          22   30810.5469000000     
          25          23   17607.9648000000     
          25          24   49989.3867000000     
          25          25   185790.594000000     
          25          26   35630.2734000000     
          25          27   9814.09375000000     
          25          28   23103.6582000000     
          25          29  -179486.734000000     
          25          30  -166383.094000000     
          25          31   3247.73560000000     
          25          32   92361.3359000000     
          25          33   32021.2930000000     
          25          34   31535.9102000000     
          25          35   21139.7363000000     
          25          36   22242.1367000000     
          25          37  -516.991455000000     
          25          38   1835.33765000000     
          25          39   43990.1211000000     
          25          40  -1889.14331000000     
          25          41  -2578.09448000000     
          25          42  -2406.88306000000     
          26           1   32258.2500000000     
          26           2   30567.0293000000     
          26           3   22758.5586000000     
          26           4   10583.3799000000     
          26           5   10670.9375000000     
          26           6   14391.8613000000     
          26           7   4023.62622000000     
          26           8   840.262512000000     
          26           9   3608.95679000000     
          26          10  -1894.62329000000     
          26          11   2602.58789000000     
          26          12   7840.63574000000     
          26          13   3151.36621000000     
          26          14   2435.58594000000     
          26          15   304097.688000000     
          26          16   132895.297000000     
          26          17   86954.2734000000     
          26          18   36464.1641000000     
          26          19   48907.1797000000     
          26          20   44818.8672000000     
          26          21   40011.3633000000     
          26          22   15076.0576000000     
          26          23   1367.89978000000     
          26          24   4556.13916000000     
          26          25   35630.2734000000     
          26          26   134701.609000000     
          26          27   26703.5410000000     
          26          28   16266.3271000000     
          26          29  -31559.6426000000     
          26          30   46179.4609000000     
          26          31  -31517.4199000000     
          26          32   12883.1680000000     
          26          33  -6950.91553000000     
          26          34  -2749.56226000000     
          26          35   8479.17188000000     
          26          36  -11581.7744000000     
          26          37  -8219.03418000000     
          26          38   13835.3730000000     
          26          39   21796.0566000000     
          26          40   48388.0391000000     
          26          41   751.606628000000     
          26          42  -2077.45679000000     
          27           1   119296.641000000     
          27           2   31248.5059000000     
          27           3   41651.9297000000     
          27           4   26241.6445000000     
          27           5   24770.9395000000     
          27           6  -3462.53979000000     
          27           7   1286.67883000000     
          27           8   1563.12280000000     
          27           9   2316.21240000000     
          27          10   5625.52539000000     
          27          11   824.523254000000     
          27          12   5213.45215000000     
          27          13   7372.01318000000     
          27          14   2079.16675000000     
          27          15   236853.328000000     
          27          16   225173.656000000     
          27          17   39156.4805000000     
          27          18   11949.1650000000     
          27          19  -2040.25183000000     
          27          20  -39.2400665000000     
          27          21  -2420.64600000000     
          27          22   6579.36523000000     
          27          23   1921.97510000000     
          27          24   6146.66943000000     
          27          25   9814.09375000000     
          27          26   26703.5410000000     
          27          27   112892.156000000     
          27          28   21659.3203000000     
          27          29  -290328.844000000     
          27          30   185627.000000000     
          27          31  -28637.9355000000     
          27          32  -11558.7773000000     
          27          33  -37080.8750000000     
          27          34   8187.81543000000     
          27          35  -6215.85986000000     
          27          36   764.050171000000     
          27          37   1696.86267000000     
          27          38   13503.6953000000     
          27          39  -7537.20312000000     
          27          40   3584.27881000000     
          27          41   20866.8848000000     
          27          42   6533.77979000000     
          28           1   82857.2031000000     
          28           2   17013.2812000000     
          28           3   6356.71680000000     
          28           4   21193.2871000000     
          28           5   6104.37695000000     
          28           6  -1441.00244000000     
          28           7   3290.59180000000     
          28           8   2227.87866000000     
          28           9  -2352.25903000000     
          28          10   3964.84717000000     
          28          11   5858.29834000000     
          28          12   2389.04102000000     
          28          13   2661.54785000000     
          28          14   3405.86499000000     
          28          15   1221.46716000000     
          28          16   42529.1953000000     
          28          17   19592.2949000000     
          28          18   18649.0176000000     
          28          19   3903.33521000000     
          28          20   2345.15308000000     
          28          21   6104.73486000000     
          28          22   7999.58496000000     
          28          23   516.347473000000     
          28          24   10771.5420000000     
          28          25   23103.6582000000     
          28          26   16266.3271000000     
          28          27   21659.3203000000     
          28          28   86294.0938000000     
          28          29   189988.312000000     
          28          30   139455.250000000     
          28          31   35953.9023000000     
          28          32   5619.77051000000     
          28          33  -17302.9355000000     
          28          34  -26423.0234000000     
          28          35  -15189.7734000000     
          28          36   3201.22290000000     
          28          37  -5219.12988000000     
          28          38   1797.56470000000     
          28          39   11083.1719000000     
          28          40   2825.49902000000     
          28          41  -1131.49463000000     
          28          42   18499.0586000000     
          29           1   12213353.0000000     
          29           2   867645.750000000     
          29           3   409698.250000000     
          29           4   5459.77881000000     
          29           5  -513599.594000000     
          29           6  -293611.125000000     
          29           7   161984.797000000     
          29           8   42543.5820000000     
          29           9   196664.672000000     
          29          10  -37269.5742000000     
          29          11   72009.9609000000     
          29          12   7365.38330000000     
          29          13   30098.3691000000     
          29          14   145240.781000000     
          29          15  -8705859.00000000     
          29          16   306220.031000000     
          29          17  -1830832.12000000     
          29          18  -498192.781000000     
          29          19   180621.141000000     
          29          20  -592549.125000000     
          29          21  -727133.125000000     
          29          22  -289422.812000000     
          29          23  -310246.375000000     
          29          24  -301555.656000000     
          29          25  -179486.734000000     
          29          26  -31559.6426000000     
          29          27  -290328.844000000     
          29          28   189988.312000000     
          29          29   146000688.000000     
          29          30   6522090.50000000     
          29          31   2127833.50000000     
          29          32   2302902.75000000     
          29          33   1260225.88000000     
          29          34  -302628.562000000     
          29          35   121483.000000000     
          29          36   470043.625000000     
          29          37   91197.7344000000     
          29          38   23599.5215000000     
          29          39   381361.344000000     
          29          40   422342.062000000     
          29          41   83667.7188000000     
          29          42   21841.3125000000     
          30           1   517542.281000000     
          30           2   368781.906000000     
          30           3   707456.750000000     
          30           4   346613.406000000     
          30           5  -37532.4180000000     
          30           6   79230.3359000000     
          30           7   89017.2500000000     
          30           8  -56130.7852000000     
          30           9   58814.0820000000     
          30          10   24883.4688000000     
          30          11  -13383.9600000000     
          30          12   55646.0117000000     
          30          13   8560.89355000000     
          30          14   72823.1875000000     
          30          15  -7953064.00000000     
          30          16   8598041.00000000     
          30          17   1445221.25000000     
          30          18   357562.406000000     
          30          19  -189687.625000000     
          30          20  -268673.750000000     
          30          21   3659.13330000000     
          30          22   226963.406000000     
          30          23  -244198.859000000     
          30          24  -238628.969000000     
          30          25  -166383.094000000     
          30          26   46179.4609000000     
          30          27   185627.000000000     
          30          28   139455.250000000     
          30          29   6522090.50000000     
          30          30   36420848.0000000     
          30          31   4052153.75000000     
          30          32   209818.500000000     
          30          33   21038.8984000000     
          30          34   24975.0898000000     
          30          35   404099.062000000     
          30          36  -123284.305000000     
          30          37  -115601.219000000     
          30          38   159323.703000000     
          30          39   73751.7188000000     
          30          40   148072.172000000     
          30          41  -6709.53027000000     
          30          42  -99057.0703000000     
          31           1   1246926.75000000     
          31           2  -153442.750000000     
          31           3   416681.469000000     
          31           4   456942.562000000     
          31           5   105634.469000000     
          31           6   82753.1641000000     
          31           7   48113.0508000000     
          31           8   15065.0508000000     
          31           9   39066.1094000000     
          31          10  -33503.2031000000     
          31          11  -4200.62305000000     
          31          12   46074.7617000000     
          31          13  -3810.64722000000     
          31          14  -20607.2441000000     
          31          15  -4215968.50000000     
          31          16  -3468777.25000000     
          31          17   459449.188000000     
          31          18   844369.688000000     
          31          19   62121.5781000000     
          31          20   63643.4648000000     
          31          21   1430.11462000000     
          31          22   69650.3906000000     
          31          23  -88931.5625000000     
          31          24  -78776.6562000000     
          31          25   3247.73560000000     
          31          26  -31517.4199000000     
          31          27  -28637.9355000000     
          31          28   35953.9023000000     
          31          29   2127833.50000000     
          31          30   4052153.75000000     
          31          31   15176156.0000000     
          31          32   1718450.50000000     
          31          33  -119517.500000000     
          31          34  -2329.29858000000     
          31          35   117668.930000000     
          31          36   267032.062000000     
          31          37  -120927.273000000     
          31          38  -31156.4941000000     
          31          39   83098.2266000000     
          31          40  -6105.59863000000     
          31          41  -15906.6230000000     
          31          42   84126.5703000000     
          32           1   836544.188000000     
          32           2   296132.438000000     
          32           3   96809.6562000000     
          32           4   504522.344000000     
          32           5   75339.1562000000     
          32           6   82247.5078000000     
          32           7   47646.7539000000     
          32           8  -6784.25293000000     
          32           9  -32556.4590000000     
          32          10   16300.7744000000     
          32          11   22223.7324000000     
          32          12   9957.15137000000     
          32          13   26041.8438000000     
          32          14  -6217.95264000000     
          32          15   1557301.75000000     
          32          16  -200948.672000000     
          32          17  -675441.812000000     
          32          18   1394758.38000000     
          32          19   439071.406000000     
          32          20   149814.203000000     
          32          21   16313.0439000000     
          32          22   21023.2754000000     
          32          23   22412.6660000000     
          32          24  -21486.7090000000     
          32          25   92361.3359000000     
          32          26   12883.1680000000     
          32          27  -11558.7773000000     
          32          28   5619.77051000000     
          32          29   2302902.75000000     
          32          30   209818.500000000     
          32          31   1718450.50000000     
          32          32   6655132.50000000     
          32          33   949701.562000000     
          32          34   218921.891000000     
          32          35   145047.688000000     
          32          36   174265.375000000     
          32          37   124228.828000000     
          32          38   56335.1797000000     
          32          39   5496.58203000000     
          32          40   75461.2578000000     
          32          41   55842.3945000000     
          32          42   33023.8164000000     
          33           1   593338.188000000     
          33           2  -86331.9766000000     
          33           3  -24729.1875000000     
          33           4  -34534.0977000000     
          33           5   76805.4453000000     
          33           6   12153.9102000000     
          33           7  -21432.5391000000     
          33           8   15086.6025000000     
          33           9  -21314.7617000000     
          33          10  -3712.16968000000     
          33          11   9519.64062000000     
          33          12  -3170.89355000000     
          33          13  -11703.6494000000     
          33          14   69.4595947000000     
          33          15   418750.875000000     
          33          16  -399528.438000000     
          33          17  -158189.703000000     
          33          18  -276447.750000000     
          33          19   546562.875000000     
          33          20   195719.562000000     
          33          21  -3184.81323000000     
          33          22   55949.1445000000     
          33          23   65753.3906000000     
          33          24   7258.30566000000     
          33          25   32021.2930000000     
          33          26  -6950.91553000000     
          33          27  -37080.8750000000     
          33          28  -17302.9355000000     
          33          29   1260225.88000000     
          33          30   21038.8984000000     
          33          31  -119517.500000000     
          33          32   949701.562000000     
          33          33   3121891.00000000     
          33          34   531470.938000000     
          33          35   45636.7539000000     
          33          36   32627.8008000000     
          33          37   35529.2930000000     
          33          38   8851.01562000000     
          33          39   79049.6719000000     
          33          40   82645.5312000000     
          33          41   43057.2227000000     
          33          42   22430.5176000000     
          34           1   14959.2998000000     
          34           2   157808.594000000     
          34           3   2737.60303000000     
          34           4  -19373.0684000000     
          34           5  -51001.6953000000     
          34           6   68719.1641000000     
          34           7   1596.61572000000     
          34           8  -7150.97998000000     
          34           9   3303.32373000000     
          34          10   3422.00000000000     
          34          11   10.3658867000000     
          34          12   1089.61646000000     
          34          13  -9876.19922000000     
          34          14  -6781.73291000000     
          34          15   913503.125000000     
          34          16   198214.531000000     
          34          17  -112580.695000000     
          34          18  -180680.453000000     
          34          19  -45144.2188000000     
          34          20   163770.891000000     
          34          21   24649.5566000000     
          34          22   28887.3457000000     
          34          23   4109.99854000000     
          34          24  -4461.88721000000     
          34          25   31535.9102000000     
          34          26  -2749.56226000000     
          34          27   8187.81543000000     
          34          28  -26423.0234000000     
          34          29  -302628.562000000     
          34          30   24975.0898000000     
          34          31  -2329.29858000000     
          34          32   218921.891000000     
          34          33   531470.938000000     
          34          34   1798282.25000000     
          34          35   171346.469000000     
          34          36  -39.4696732000000     
          34          37  -23057.5977000000     
          34          38   1138.43079000000     
          34          39   32860.6016000000     
          34          40   28561.3418000000     
          34          41   26868.7891000000     
          34          42   2087.03711000000     
          35           1   16599.2012000000     
          35           2  -58719.2070000000     
          35           3   8410.29004000000     
          35           4   36936.4766000000     
          35           5   12705.0576000000     
          35           6  -9131.16797000000     
          35           7   26111.3828000000     
          35           8   71.9678421000000     
          35           9   1430.43176000000     
          35          10  -1939.05969000000     
          35          11  -4034.53589000000     
          35          12   5646.87402000000     
          35          13   1450.74365000000     
          35          14   243.202408000000     
          35          15   600053.125000000     
          35          16   177.074890000000     
          35          17   99475.7969000000     
          35          18   87602.8203000000     
          35          19  -37763.8750000000     
          35          20  -24536.8887000000     
          35          21   171421.000000000     
          35          22   24411.9492000000     
          35          23  -3509.45972000000     
          35          24   2032.66858000000     
          35          25   21139.7363000000     
          35          26   8479.17188000000     
          35          27  -6215.85986000000     
          35          28  -15189.7734000000     
          35          29   121483.000000000     
          35          30   404099.062000000     
          35          31   117668.930000000     
          35          32   145047.688000000     
          35          33   45636.7539000000     
          35          34   171346.469000000     
          35          35   1058999.12000000     
          35          36   154467.047000000     
          35          37   21708.0664000000     
          35          38  -23461.3926000000     
          35          39  -39273.9414000000     
          35          40   14606.3701000000     
          35          41   6322.93262000000     
          35          42  -933.013916000000     
          36           1   21072.0918000000     
          36           2   2138.67603000000     
          36           3   51347.4727000000     
          36           4   47829.2031000000     
          36           5   35605.1133000000     
          36           6  -11655.7686000000     
          36           7   2791.96216000000     
          36           8   7962.22998000000     
          36           9   2908.46948000000     
          36          10  -1038.87903000000     
          36          11  -1005.18805000000     
          36          12  -6289.52441000000     
          36          13  -3502.83813000000     
          36          14  -708.305420000000     
          36          15   126145.289000000     
          36          16   1638.87292000000     
          36          17   41208.3047000000     
          36          18   102208.859000000     
          36          19   43909.5156000000     
          36          20  -32594.7344000000     
          36          21  -31790.1777000000     
          36          22   68256.6406000000     
          36          23   27358.7617000000     
          36          24   15261.2012000000     
          36          25   22242.1367000000     
          36          26  -11581.7744000000     
          36          27   764.050171000000     
          36          28   3201.22290000000     
          36          29   470043.625000000     
          36          30  -123284.305000000     
          36          31   267032.062000000     
          36          32   174265.375000000     
          36          33   32627.8008000000     
          36          34  -39.4696732000000     
          36          35   154467.047000000     
          36          36   702015.812000000     
          36          37   132888.062000000     
          36          38   31177.1426000000     
          36          39   6800.04590000000     
          36          40   7126.41357000000     
          36          41  -5634.10449000000     
          36          42   11765.1211000000     
          37           1   77782.8906000000     
          37           2   10803.5127000000     
          37           3   8293.08691000000     
          37           4   5506.13672000000     
          37           5   10193.1855000000     
          37           6  -15448.0908000000     
          37           7  -4606.71729000000     
          37           8  -2039.65686000000     
          37           9   25493.8516000000     
          37          10   6130.06592000000     
          37          11  -6239.64648000000     
          37          12  -12439.1172000000     
          37          13   706.066101000000     
          37          14   6723.54688000000     
          37          15  -69918.0156000000     
          37          16  -3344.15259000000     
          37          17   129360.703000000     
          37          18  -74477.7344000000     
          37          19  -20507.3711000000     
          37          20  -45509.9023000000     
          37          21  -9590.97363000000     
          37          22  -9166.77539000000     
          37          23   82044.4922000000     
          37          24   7390.66211000000     
          37          25  -516.991455000000     
          37          26  -8219.03418000000     
          37          27   1696.86267000000     
          37          28  -5219.12988000000     
          37          29   91197.7344000000     
          37          30  -115601.219000000     
          37          31  -120927.273000000     
          37          32   124228.828000000     
          37          33   35529.2930000000     
          37          34  -23057.5977000000     
          37          35   21708.0664000000     
          37          36   132888.062000000     
          37          37   551398.062000000     
          37          38   73440.0781000000     
          37          39  -8031.49658000000     
          37          40   15476.6338000000     
          37          41  -3817.59058000000     
          37          42  -4242.90430000000     
          38           1  -71379.4062000000     
          38           2   37420.0234000000     
          38           3   60157.4883000000     
          38           4   16108.7539000000     
          38           5   15747.6543000000     
          38           6   3424.72168000000     
          38           7  -4056.65039000000     
          38           8  -7907.50391000000     
          38           9  -3484.99268000000     
          38          10   7034.57812000000     
          38          11  -1339.86365000000     
          38          12  -297.813843000000     
          38          13  -564.484741000000     
          38          14  -1190.38708000000     
          38          15  -230317.125000000     
          38          16   196555.344000000     
          38          17   78977.5547000000     
          38          18   44969.5898000000     
          38          19  -31755.0703000000     
          38          20   2633.82910000000     
          38          21  -32613.9316000000     
          38          22  -27960.3496000000     
          38          23  -3265.84692000000     
          38          24   17748.1074000000     
          38          25   1835.33765000000     
          38          26   13835.3730000000     
          38          27   13503.6953000000     
          38          28   1797.56470000000     
          38          29   23599.5215000000     
          38          30   159323.703000000     
          38          31  -31156.4941000000     
          38          32   56335.1797000000     
          38          33   8851.01562000000     
          38          34   1138.43079000000     
          38          35  -23461.3926000000     
          38          36   31177.1426000000     
          38          37   73440.0781000000     
          38          38   383010.938000000     
          38          39   52364.1680000000     
          38          40   38526.9219000000     
          38          41   11909.2842000000     
          38          42   2219.95898000000     
          39           1  -63864.0586000000     
          39           2   59077.4609000000     
          39           3   44134.1445000000     
          39           4  -1630.41907000000     
          39           5  -6522.62061000000     
          39           6   19435.9531000000     
          39           7   1882.24683000000     
          39           8  -1919.53589000000     
          39           9  -7135.13721000000     
          39          10  -4812.46387000000     
          39          11   10238.9873000000     
          39          12  -1900.38831000000     
          39          13   1020.93414000000     
          39          14  -5581.87793000000     
          39          15  -3426.81738000000     
          39          16  -185434.656000000     
          39          17   53905.9883000000     
          39          18  -39331.0234000000     
          39          19  -36126.3125000000     
          39          20   2689.01392000000     
          39          21  -17015.8633000000     
          39          22   29219.5410000000     
          39          23  -12935.4336000000     
          39          24  -22040.6797000000     
          39          25   43990.1211000000     
          39          26   21796.0566000000     
          39          27  -7537.20312000000     
          39          28   11083.1719000000     
          39          29   381361.344000000     
          39          30   73751.7188000000     
          39          31   83098.2266000000     
          39          32   5496.58203000000     
          39          33   79049.6719000000     
          39          34   32860.6016000000     
          39          35  -39273.9414000000     
          39          36   6800.04590000000     
          39          37  -8031.49658000000     
          39          38   52364.1680000000     
          39          39   274721.250000000     
          39          40   47591.9375000000     
          39          41   17347.7695000000     
          39          42  -6447.08594000000     
          40           1  -7113.59375000000     
          40           2   18790.1484000000     
          40           3  -1154.57678000000     
          40           4   6684.51465000000     
          40           5   10974.8984000000     
          40           6   1523.14819000000     
          40           7  -4485.39990000000     
          40           8  -2743.90332000000     
          40           9  -11650.0029000000     
          40          10  -8548.55469000000     
          40          11  -7610.78174000000     
          40          12   6093.61621000000     
          40          13   1543.11597000000     
          40          14  -1214.47473000000     
          40          15   353016.750000000     
          40          16   170764.375000000     
          40          17   30572.3184000000     
          40          18   37761.3594000000     
          40          19   33643.6719000000     
          40          20   31902.0352000000     
          40          21  -1975.50330000000     
          40          22  -4673.76953000000     
          40          23  -5031.58887000000     
          40          24  -16637.6699000000     
          40          25  -1889.14331000000     
          40          26   48388.0391000000     
          40          27   3584.27881000000     
          40          28   2825.49902000000     
          40          29   422342.062000000     
          40          30   148072.172000000     
          40          31  -6105.59863000000     
          40          32   75461.2578000000     
          40          33   82645.5312000000     
          40          34   28561.3418000000     
          40          35   14606.3701000000     
          40          36   7126.41357000000     
          40          37   15476.6338000000     
          40          38   38526.9219000000     
          40          39   47591.9375000000     
          40          40   243188.547000000     
          40          41   45730.8008000000     
          40          42   2308.84229000000     
          41           1   45424.4922000000     
          41           2   64068.2773000000     
          41           3  -11556.5752000000     
          41           4   5909.01758000000     
          41           5  -5184.29980000000     
          41           6   224.617081000000     
          41           7  -2223.98120000000     
          41           8  -4337.88379000000     
          41           9  -1757.07886000000     
          41          10  -3811.45020000000     
          41          11  -1608.03638000000     
          41          12   729.880737000000     
          41          13   2092.40796000000     
          41          14   1042.65881000000     
          41          15  -377903.156000000     
          41          16  -119662.359000000     
          41          17  -11936.6562000000     
          41          18  -10302.3203000000     
          41          19   12973.5840000000     
          41          20   16952.2461000000     
          41          21   5261.67969000000     
          41          22   1378.52478000000     
          41          23   3235.16821000000     
          41          24  -10933.9717000000     
          41          25  -2578.09448000000     
          41          26   751.606628000000     
          41          27   20866.8848000000     
          41          28  -1131.49463000000     
          41          29   83667.7188000000     
          41          30  -6709.53027000000     
          41          31  -15906.6230000000     
          41          32   55842.3945000000     
          41          33   43057.2227000000     
          41          34   26868.7891000000     
          41          35   6322.93262000000     
          41          36  -5634.10449000000     
          41          37  -3817.59058000000     
          41          38   11909.2842000000     
          41          39   17347.7695000000     
          41          40   45730.8008000000     
          41          41   181894.844000000     
          41          42   38470.7070000000     
          42           1   105525.945000000     
          42           2  -2650.77368000000     
          42           3   18962.6113000000     
          42           4   31241.0645000000     
          42           5   24242.4473000000     
          42           6   13631.9736000000     
          42           7   3899.81641000000     
          42           8  -4279.54932000000     
          42           9  -535.224426000000     
          42          10  -3517.20825000000     
          42          11  -521.045898000000     
          42          12   2256.55298000000     
          42          13   3912.36011000000     
          42          14   2341.57544000000     
          42          15   69047.5000000000     
          42          16  -53865.0938000000     
          42          17   27892.5703000000     
          42          18   32070.1328000000     
          42          19   46195.4531000000     
          42          20  -17451.0059000000     
          42          21  -18800.0449000000     
          42          22   2935.30811000000     
          42          23   6904.14062000000     
          42          24  -8884.36328000000     
          42          25  -2406.88306000000     
          42          26  -2077.45679000000     
          42          27   6533.77979000000     
          42          28   18499.0586000000     
          42          29   21841.3125000000     
          42          30  -99057.0703000000     
          42          31   84126.5703000000     
          42          32   33023.8164000000     
          42          33   22430.5176000000     
          42          34   2087.03711000000     
          42          35  -933.013916000000     
          42          36   11765.1211000000     
          42          37  -4242.90430000000     
          42          38   2219.95898000000     
          42          39  -6447.08594000000     
          42          40   2308.84229000000     
          42          41   38470.7070000000     
          42          42   157270.609000000     
